3.818639426	0	2.495117108e-8	8.205001816e-6
3.768639426	0	3.163460454e-8	9.683863073e-6
3.718639426	0	4.008576714e-8	0.00001142475088
3.668639426	0	5.07650396e-8	0.0000134730751
3.618639426	0	6.425044684e-8	0.00001588189167
3.568639426	0	8.126702251e-8	0.00001871314213
3.518639426	0	1.027232913e-7	0.0000220390842
3.468639426	0	1.297565315e-7	0.00002594394094
3.418639426	0	1.637888503e-7	0.00003052579947
3.368639426	0	2.065965528e-7	0.00003589879438
3.318639426	0	2.603958238e-7	0.00004219561553
3.268639426	0	3.279483929e-7	0.00004957038446
3.218639426	0	4.126916314e-7	0.00005820194971
3.168639426	0	5.188984629e-7	0.00006829765705
3.118639426	0	6.518735815e-7	0.00008009765748
3.068639426	0	8.181937991e-7	0.00009387982353
3.018639426	0	1.026001912e-6	0.0001099653525
2.968639426	0	1.285365345e-6	0.0001287251451
2.918639426	0	1.608713023e-6	0.0001505870567
2.868639426	0	2.01136652e-6	0.0001760441334
2.818639426	0	2.512184561e-6	0.0002056639535
2.768639426	0	3.134343544e-6	0.0002400992138
2.718639426	0	3.906280888e-6	0.0002800997145
2.668639426	0	4.862832908e-6	0.0003265259166
2.618639426	0	6.046604591e-6	0.0003803642672
2.568639426	0	7.509615242e-6	0.0004427445155
2.518639426	0	9.315271682e-6	0.0005149592688
2.468639426	0	0.00001154072965	0.0005984860799
2.418639426	0	0.00001427971446	0.0006950123933
2.368639426	0	0.00001764588431	0.0008064637366
2.318639426	0	0.00002177683367	0.0009350355997
2.268639426	0	0.00002683885133	0.00108322953
2.218639426	0	0.00003303256732	0.001253894063
2.168639426	0	0.00004059964678	0.001450271223
2.118639426	0	0.00004983071699	0.001676049497
2.068639426	0	0.00006107474861	0.001935424348
2.018639426	0	0.00007475015357	0.002233167594
1.968639426	0	0.00009135791421	0.002574707268
1.918639426	0	0.0001114971228	0.002966219969
1.868639426	0	0.000135883391	0.003414738217
1.818639426	0	0.0001653706942	0.003928275934
1.768639426	0	0.0002009773442	0.004515976032
1.718639426	0	0.0002439169617	0.005188285144
1.668639426	0	0.0002956355379	0.005957161917
1.618639426	0	0.000357855976	0.00683632714
1.568639426	0	0.000432631894	0.007841566363
1.518639426	0	0.0005224129944	0.008991098859
1.468639426	0	0.0006301250157	0.01030603101
1.418639426	0	0.0007592682331	0.01181091785
1.368639426	0	0.0009140397796	0.01353446412
3.818639426	0.025	2.484656336e-8	8.172547794e-6
3.768639426	0.025	3.149409555e-8	9.643888258e-6
3.718639426	0.025	3.989727725e-8	0.00001137552705
3.668639426	0.025	5.051250425e-8	0.00001341248187
3.618639426	0.025	6.391252886e-8	0.00001580732897
3.568639426	0.025	8.08154176e-8	0.00001862142368
3.518639426	0.025	1.021205014e-7	0.00002192630784
3.468639426	0.025	1.289529431e-7	0.00002580533092
3.418639426	0.025	1.627189072e-7	0.00003035551494
3.368639426	0.025	2.051737485e-7	0.00003568969703
3.318639426	0.025	2.585061625e-7	0.00004193898779
3.268639426	0.025	3.254418624e-7	0.0000492555884
3.218639426	0.025	4.093711027e-7	0.00005781601431
3.168639426	0.025	5.145052633e-7	0.00006782477952
3.118639426	0.025	6.460687783e-7	0.00007951860127
3.068639426	0.025	8.105339584e-7	0.00009317119255
3.018639426	0.025	1.015907761e-6	0.000109098717
2.968639426	0.025	1.272081333e-6	0.00012766599
2.918639426	0.025	1.591255233e-6	0.0001492935181
2.868639426	0.025	1.9884557e-6	0.0001744654815
2.818639426	0.025	2.482160206e-6	0.0002037387742
2.768639426	0.025	3.09505385e-6	0.0002377532304
2.718639426	0.025	3.854942117e-6	0.0002772431819
2.668639426	0.025	4.795849996e-6	0.000323050507
2.618639426	0.025	5.95934279e-6	0.000376139352
2.568639426	0.025	7.396110025e-6	0.0004376127297
2.518639426	0.025	9.167860973e-6	0.0005087312266
2.468639426	0.025	0.00001134958854	0.0005909340817
2.418639426	0.025	0.0000140322678	0.0006858629403
2.368639426	0.025	0.00001732606657	0.0007953886303
2.318639426	0.025	0.00002136415846	0.0009216413703
2.268639426	0.025	0.00002630724388	0.001067044884
2.218639426	0.025	0.00003234890275	0.001234354989
2.168639426	0.025	0.00003972192378	0.001426703335
2.118639426	0.025	0.00004870578126	0.001647647105
2.068639426	0.025	0.00005963546132	0.00190122569
2.018639426	0.025	0.00007291187908	0.002192025553
1.968639426	0.025	0.00008901417626	0.002525254835
1.918639426	0.025	0.000108514253	0.002906829671
1.868639426	0.025	0.0001320939711	0.003343474758
1.818639426	0.025	0.0001605655831	0.003842841601
1.768639426	0.025	0.0001948961155	0.00441364922
1.718639426	0.025	0.0002362367142	0.005065854487
1.668639426	0.025	0.0002859584772	0.005810863991
1.618639426	0.025	0.0003456974241	0.006661810368
1.568639426	0.025	0.0004174142566	0.007633947062
1.518639426	0.025	0.000503484814	0.008745324268
1.468639426	0.025	0.0006068846592	0.01001842039
1.418639426	0.025	0.000731888204	0.01148726137
1.368639426	0.025	0.0008960948428	0.01332698049
3.818639426	0.05	2.479213857e-8	8.13496381e-6
3.768639426	0.05	3.141753417e-8	9.597960847e-6
3.718639426	0.05	3.979026217e-8	0.00001131940887
3.668639426	0.05	5.03637588e-8	0.0000133439197
3.618639426	0.05	6.370680798e-8	0.00001572357572
3.568639426	0.05	8.053216789e-8	0.00001851913171
3.518639426	0.05	1.017320853e-7	0.00002180139971
3.468639426	0.05	1.28422291e-7	0.00002565284302
3.418639426	0.05	1.619964183e-7	0.00003016940828
3.368639426	0.05	2.041932122e-7	0.00003546262879
3.318639426	0.05	2.57179398e-7	0.00004166203551
3.268639426	0.05	3.236516929e-7	0.00004891791751
3.218639426	0.05	4.069621636e-7	0.00005740447772
3.168639426	0.05	5.112720054e-7	0.00006732343584
3.118639426	0.05	6.417398426e-7	0.000078908136
3.068639426	0.05	8.047518717e-7	0.00009242822324
3.018639426	0.05	1.008202608e-6	0.0001081949603
2.968639426	0.05	1.261836696e-6	0.0001265672642
2.918639426	0.05	1.577664233e-6	0.0001479585503
2.868639426	0.05	1.97046439e-6	0.0001728444831
2.818639426	0.05	2.458394841e-6	0.0002017717412
2.768639426	0.05	3.06372769e-6	0.0002353679186
2.718639426	0.05	3.813736262e-6	0.0002743526985
2.668639426	0.05	4.741761415e-6	0.0003195504483
2.618639426	0.05	5.888490993e-6	0.0003719044075
2.568639426	0.05	7.303491753e-6	0.0004324926591
2.518639426	0.05	9.047039748e-6	0.0005025460994
2.468639426	0.05	0.00001119230284	0.0005834686542
2.418639426	0.05	0.0000138279379	0.0006768600233
2.368639426	0.05	0.00001706117567	0.0007845412812
2.318639426	0.05	0.00002102147834	0.0009085837175
2.268639426	0.05	0.00002586486929	0.00105134137
2.218639426	0.05	0.00003177905146	0.001215487791
2.168639426	0.05	0.00003898945131	0.001404057706
2.118639426	0.05	0.00004776635086	0.001620494375
2.068639426	0.05	0.00005843330146	0.001868703658
2.018639426	0.05	0.0000713770544	0.002153116093
1.968639426	0.05	0.00008705929735	0.002478758669
1.918639426	0.05	0.0001060305617	0.002851338587
1.868639426	0.05	0.0001289467778	0.003277342232
1.818639426	0.05	0.0001565891308	0.003764154157
1.768639426	0.05	0.0001898881742	0.00432020372
1.718639426	0.05	0.0002299537343	0.004955152718
1.668639426	0.05	0.0002781133738	0.005680149988
1.618639426	0.05	0.0003359651948	0.006508210576
1.568639426	0.05	0.0004054593604	0.007454868697
1.518639426	0.05	0.0004890523806	0.008539572582
1.468639426	0.05	0.0005901115459	0.009789727531
1.418639426	0.05	0.0007146716222	0.01125928022
1.368639426	0.05	0.000897458003	0.01330935742
3.818639426	0.075	2.478586041e-8	8.092188006e-6
3.768639426	0.075	3.140228911e-8	9.546008832e-6
3.718639426	0.075	3.976132095e-8	0.00001125631242
3.668639426	0.075	5.031440648e-8	0.00001326729061
3.618639426	0.075	6.36275986e-8	0.00001563051727
3.568639426	0.075	8.040991923e-8	0.00001840613169
3.518639426	0.075	1.015485282e-7	0.00002166420148
3.468639426	0.075	1.281522609e-7	0.00002548629012
3.418639426	0.075	1.616054426e-7	0.00002996725739
3.368639426	0.075	2.036343011e-7	0.00003521732467
3.318639426	0.075	2.563887909e-7	0.00004136444072
3.268639426	0.075	3.225432358e-7	0.00004855698786
3.218639426	0.075	4.05419902e-7	0.00005696687322
3.168639426	0.075	5.091404527e-7	0.00006679305473
3.118639426	0.075	6.388112331e-7	0.00007826555733
3.068639426	0.075	8.007495116e-7	0.00009165004091
3.018639426	0.075	1.002759194e-6	0.0001072529884
2.968639426	0.075	1.254466159e-6	0.0001254275898
2.918639426	0.075	1.567725282e-6	0.000146580407
2.868639426	0.075	1.95711344e-6	0.0001711789111
2.818639426	0.075	2.440525419e-6	0.0001997599985
2.768639426	0.075	3.039892655e-6	0.0002329395984
2.718639426	0.075	3.78204827e-6	0.0002714235015
2.668639426	0.075	4.69976593e-6	0.0003160195529
2.618639426	0.075	5.833004771e-6	0.0003676513695
2.568639426	0.075	7.230398068e-6	0.0004273737639
2.518639426	0.075	8.951029645e-6	0.0004963900792
2.468639426	0.075	0.0000110665493	0.0005760716704
2.418639426	0.075	0.00001366368701	0.0006679798037
2.368639426	0.075	0.00001684723569	0.0007738902883
2.318639426	0.075	0.00002074358374	0.0008958212165
2.268639426	0.075	0.000025504893	0.001036064256
2.218639426	0.075	0.00003131403409	0.001197220041
2.168639426	0.075	0.00003839041232	0.001382238325
2.118639426	0.075	0.00004699684344	0.001594463765
2.068639426	0.075	0.00005744767298	0.001837688399
2.018639426	0.075	0.00007011837877	0.002116212319
1.968639426	0.075	0.0000854569623	0.002434914494
1.918639426	0.075	0.0001039975317	0.002799336653
1.868639426	0.075	0.0001263766335	0.003215784495
1.818639426	0.075	0.0001533531537	0.003691453088
1.768639426	0.075	0.0001858330908	0.00423458816
1.718639426	0.075	0.0002249014727	0.004854704979
1.668639426	0.075	0.0002718658399	0.005562909088
1.618639426	0.075	0.0003283210501	0.006372419911
1.568639426	0.075	0.0003962603387	0.007299560805
1.518639426	0.075	0.0004783090463	0.008366032559
1.468639426	0.075	0.0005783812685	0.009605698091
1.418639426	0.075	0.0007045349954	0.01109500358
1.368639426	0.075	0.0009075368283	0.01336814595
3.818639426	0.1	2.482490325e-8	8.044084735e-6
3.768639426	0.1	3.144473443e-8	9.487872823e-6
3.718639426	0.1	3.980580052e-8	0.0000111860503
3.668639426	0.1	5.035847582e-8	0.00001318237416
3.618639426	0.1	6.366723688e-8	0.00001552789403
3.568639426	0.1	8.043883514e-8	0.00001828211762
3.518639426	0.1	1.01557204e-7	0.00002151435198
3.468639426	0.1	1.281266448e-7	0.0000253052453
3.418639426	0.1	1.615251713e-7	0.00002974855668
3.368639426	0.1	2.034702969e-7	0.00003495318473
3.318639426	0.1	2.561000299e-7	0.00004104548983
3.268639426	0.1	3.220724231e-7	0.00004817194848
3.218639426	0.1	4.04687709e-7	0.00005650218308
3.168639426	0.1	5.080378723e-7	0.00006623241511
3.118639426	0.1	6.371894798e-7	0.00007758939517
3.068639426	0.1	7.98406731e-7	0.00009083486913
3.018639426	0.1	9.994230406e-7	0.0001062706462
2.968639426	0.1	1.249771045e-6	0.0001242443422
2.918639426	0.1	1.561182776e-6	0.0001451558775
2.868639426	0.1	1.948073895e-6	0.0001694648215
2.818639426	0.1	2.428128421e-6	0.0001976986805
2.768639426	0.1	3.023003253e-6	0.0002304622405
2.718639426	0.1	3.759175227e-6	0.000268448088
2.668639426	0.1	4.668957319e-6	0.000312448445
2.618639426	0.1	5.791715144e-6	0.000363368474
2.568639426	0.1	7.175320138e-6	0.000422241226
2.518639426	0.1	8.877881873e-6	0.0004902444308
2.468639426	0.1	0.00001096980902	0.0005687193578
2.418639426	0.1	0.00001353625668	0.0006591920134
2.368639426	0.1	0.0000166800276	0.0007633969867
2.318639426	0.1	0.00002052500629	0.0008833043192
2.268639426	0.1	0.00002522021902	0.001021149851
2.218639426	0.1	0.00003094463024	0.001179469611
2.168639426	0.1	0.00003791280737	0.001361138956
2.118639426	0.1	0.00004638161483	0.0015694174
2.068639426	0.1	0.00005665813643	0.001808000347
2.018639426	0.1	0.00006910907966	0.002081079439
1.968639426	0.1	0.00008417199547	0.002393413939
1.918639426	0.1	0.0001023687724	0.002750416741
1.868639426	0.1	0.0001243220701	0.003158260653
1.818639426	0.1	0.0001507757221	0.003624014236
1.768639426	0.1	0.0001826208252	0.004155823628
1.718639426	0.1	0.0002209306399	0.00476317146
1.668639426	0.1	0.0002670105696	0.005457277305
1.618639426	0.1	0.0003224772709	0.006251787073
1.568639426	0.1	0.000389402891	0.007164133653
1.518639426	0.1	0.0004706335536	0.008218735597
1.468639426	0.1	0.0005707016617	0.009456534187
1.418639426	0.1	0.0006997331286	0.01097665376
1.368639426	0.1	0.0009234851127	0.0134734656
3.818639426	0.125	2.490567554e-8	7.990446974e-6
3.768639426	0.125	3.154028011e-8	9.423308961e-6
3.718639426	0.125	3.991783546e-8	0.00001110833518
3.668639426	0.125	5.048847248e-8	0.00001308883164
3.618639426	0.125	6.381614817e-8	0.00001541530662
3.568639426	0.125	8.060668439e-8	0.00001814661825
3.518639426	0.125	1.017424892e-7	0.00002135129473
3.468639426	0.125	1.283254877e-7	0.00002510905089
3.418639426	0.125	1.61730119e-7	0.00002951252809
3.368639426	0.125	2.036686526e-7	0.0000346692874
3.318639426	0.125	2.562715522e-7	0.00004070408979
3.268639426	0.125	3.221861797e-7	0.0000477615009
3.218639426	0.125	4.046978092e-7	0.00005600886213
3.168639426	0.125	5.078777165e-7	0.00006563967471
3.118639426	0.125	6.367640606e-7	0.00007687744832
3.068639426	0.125	7.975823848e-7	0.00008998007171
3.018639426	0.125	9.980138814e-7	0.0001052447688
2.968639426	0.125	1.247521098e-6	0.0001230137108
2.918639426	0.125	1.557742568e-6	0.0001436803615
2.868639426	0.125	1.942969931e-6	0.0001676966434
2.818639426	0.125	2.420723565e-6	0.0001955810195
2.768639426	0.125	3.012445561e-6	0.0002279275969
2.718639426	0.125	3.744332162e-6	0.0002654163718
2.668639426	0.125	4.648331575e-6	0.0003088247488
2.618639426	0.125	5.763337463e-6	0.0003590404831
2.568639426	0.125	7.136613499e-6	0.0004170762183
2.518639426	0.125	8.825490322e-6	0.0004840858117
2.468639426	0.125	0.00001089938309	0.0005613826755
2.418639426	0.125	0.00001344218607	0.0006504603984
2.368639426	0.125	0.00001655511026	0.0007530159636
2.318639426	0.125	0.00002036004186	0.0008709759471
2.268639426	0.125	0.00002500351387	0.001006526171
2.218639426	0.125	0.00003066140089	0.001162145408
2.168639426	0.125	0.0000375444713	0.001340643922
2.118639426	0.125	0.00004590496195	0.001545207855
2.068639426	0.125	0.0000560443849	0.001779450892
2.018639426	0.125	0.00006832283945	0.002047475168
1.968639426	0.125	0.00008317020021	0.002353944353
1.918639426	0.125	0.0001010997082	0.002704173336
1.868639426	0.125	0.0001227247557	0.003104241638
1.818639426	0.125	0.0001487801302	0.003561142516
1.768639426	0.125	0.0001801498865	0.004082989183
1.718639426	0.125	0.0002179058804	0.004679319156
1.668639426	0.125	0.0002633651474	0.005361581788
1.618639426	0.125	0.0003181845518	0.006144003066
1.568639426	0.125	0.0003845396886	0.007045326586
1.518639426	0.125	0.0004655289145	0.008092933369
1.468639426	0.125	0.0005663352136	0.009335034131
1.418639426	0.125	0.0006991293478	0.01089284578
1.368639426	0.125	0.000943906563	0.01361097418
3.818639426	0.15	2.502384417e-8	7.930999133e-6
3.768639426	0.15	3.168340359e-8	9.35199228e-6
3.718639426	0.15	4.00903889e-8	0.00001102278382
3.668639426	0.15	5.069543213e-8	0.00001298621103
3.618639426	0.15	6.406291538e-8	0.00001529222166
3.568639426	0.15	8.089892935e-8	0.00001799900402
3.518639426	0.15	1.020858769e-7	0.00002117428632
3.468639426	0.15	1.287252349e-7	0.00002489682855
3.418639426	0.15	1.621903127e-7	0.00002925813319
3.368639426	0.15	2.041912364e-7	0.00003436440396
3.318639426	0.15	2.568548554e-7	0.00004033878547
3.268639426	0.15	3.22822824e-7	0.00004732392009
3.218639426	0.15	4.053717744e-7	0.000055484863
3.168639426	0.15	5.085602798e-7	0.00006501240034
3.118639426	0.15	6.374082379e-7	0.00007612682083
3.068639426	0.15	7.981153946e-7	0.00008908219641
3.018639426	0.15	9.983270125e-7	0.0001041712334
2.968639426	0.15	1.247456195e-6	0.0001217307628
2.918639426	0.15	1.557074129e-6	0.0001421479444
2.868639426	0.15	1.941381561e-6	0.0001658672695
2.818639426	0.15	2.41777719e-6	0.0001933984548
2.768639426	0.15	3.007541445e-6	0.0002253253304
2.718639426	0.15	3.736657275e-6	0.0002623158384
2.668639426	0.15	4.636793343e-6	0.0003051332722
2.618639426	0.15	5.74647926e-6	0.0003546489031
2.568639426	0.15	7.11250756e-6	0.000411856163
2.518639426	0.15	8.791602907e-6	0.0004778865767
2.468639426	0.15	0.00001085240595	0.0005540276721
2.418639426	0.15	0.00001337782736	0.000641743135
2.368639426	0.15	0.00001646783749	0.0007426955375
2.318639426	0.15	0.00002024276898	0.0008587720365
2.268639426	0.15	0.00002484722492	0.0009921135476
2.218639426	0.15	0.00003045470428	0.001145148039
2.168639426	0.15	0.00003727308224	0.001320628798
2.118639426	0.15	0.00004555111803	0.001521678824
2.068639426	0.15	0.00005558621334	0.001751842955
2.018639426	0.15	0.00006773371912	0.002015150038
1.968639426	0.15	0.00008241820465	0.002316188598
1.918639426	0.15	0.0001001472926	0.002660201359
1.868639426	0.15	0.0001215289876	0.00305320727
1.818639426	0.15	0.0001472940142	0.003502165802
1.768639426	0.15	0.000178325805	0.004015210043
1.718639426	0.15	0.0002157030997	0.004601999546
1.668639426	0.15	0.0002607652695	0.005274298442
1.618639426	0.15	0.0003152231153	0.006047018395
1.568639426	0.15	0.0003813728256	0.006940337401
1.518639426	0.15	0.0004625844528	0.007984715076
1.468639426	0.15	0.0005647049518	0.009235614494
1.418639426	0.15	0.0007019095087	0.01083554839
1.368639426	0.15	0.0009679281519	0.01377189434
3.818639426	0.175	2.517435994e-8	7.865400262e-6
3.768639426	0.175	3.186768256e-8	9.273520543e-6
3.718639426	0.175	4.031529472e-8	0.00001092892166
3.668639426	0.175	5.096897475e-8	0.00001287395234
3.618639426	0.175	6.439434879e-8	0.0000151579783
3.568639426	0.175	8.129881567e-8	0.00001783849487
3.518639426	0.175	1.025660919e-7	0.00002098240571
3.468639426	0.175	1.292988796e-7	0.00002466749034
3.418639426	0.175	1.628714814e-7	0.00002898408634
3.368639426	0.175	2.049945731e-7	0.00003403701442
3.318639426	0.175	2.577948064e-7	0.00003994777861
3.268639426	0.175	3.239124615e-7	0.00004685707705
3.218639426	0.175	4.06621024e-7	0.00005492766299
3.168639426	0.175	5.099733337e-7	0.00006434760001
3.118639426	0.175	6.389798638e-7	0.00007533396039
3.068639426	0.175	7.998257661e-7	0.00008813702062
3.018639426	0.175	1.000134577e-6	0.0001030450141
2.968639426	0.175	1.249287956e-6	0.0001203895077
2.918639426	0.175	1.558812562e-6	0.0001405514747
2.868639426	0.175	1.942847155e-6	0.000163968148
2.818639426	0.175	2.418705389e-6	0.0001911407416
2.768639426	0.175	3.007552426e-6	0.0002226431445
2.718639426	0.175	3.73521669e-6	0.0002591316983
2.668639426	0.175	4.633161708e-6	0.0003013561893
2.618639426	0.175	5.739647251e-6	0.0003501721993
2.568639426	0.175	7.101113955e-6	0.0004065549836
2.518639426	0.175	8.773831423e-6	0.0004716150727
2.468639426	0.175	0.00001082585674	0.0005466158272
2.418639426	0.175	0.00001333935857	0.0006329932235
2.368639426	0.175	0.00001641337222	0.0007323782087
2.318639426	0.175	0.00002016706332	0.0008466220471
2.268639426	0.175	0.00002474359404	0.0009778251959
2.218639426	0.175	0.00003031470629	0.001128370413
2.168639426	0.175	0.00003708616476	0.001300961037
2.118639426	0.175	0.00004530424171	0.001498665727
2.068639426	0.175	0.00005526348295	0.00172497149
2.018639426	0.175	0.00006731608053	0.001983847663
1.968639426	0.175	0.0000818833139	0.002279824852
1.918639426	0.175	0.00009946974503	0.002618095125
1.868639426	0.175	0.0001206812397	0.003004643718
1.818639426	0.175	0.0001462485879	0.003446429788
1.768639426	0.175	0.0001770598454	0.003951647865
1.718639426	0.175	0.0002142072849	0.004530130727
1.668639426	0.175	0.0002590609843	0.005194019111
1.618639426	0.175	0.0003133960263	0.005958981643
1.568639426	0.175	0.0003796413627	0.006846702774
1.518639426	0.175	0.0004614509703	0.007890759872
1.468639426	0.175	0.0005653399957	0.009153749799
1.418639426	0.175	0.0007074476318	0.01079866731
1.368639426	0.175	0.0009949175743	0.0139499914
3.818639426	0.2	2.535148422e-8	7.793247684e-6
3.768639426	0.2	3.208582924e-8	9.187418551e-6
3.718639426	0.2	4.058330146e-8	0.00001082618792
3.668639426	0.2	5.129736088e-8	0.00001275139377
3.618639426	0.2	6.479555802e-8	0.00001501179547
3.568639426	0.2	8.178746427e-8	0.00001766416883
3.518639426	0.2	1.031592082e-7	0.00002077456439
3.468639426	0.2	1.300161124e-7	0.0000244197509
3.418639426	0.2	1.637352457e-7	0.00002868886923
3.368639426	0.2	2.060300863e-7	0.00003368532459
3.318639426	0.2	2.590299492e-7	0.00003952894814
3.268639426	0.2	3.253773745e-7	0.00004635846295
3.218639426	0.2	4.083473181e-7	0.00005433429283
3.168639426	0.2	5.119927496e-7	0.00006364175707
3.118639426	0.2	6.41322164e-7	0.00007449469876
3.068639426	0.2	8.025155742e-7	0.00008713959943
3.018639426	0.2	1.003186795e-6	0.0001018602389
2.968639426	0.2	1.252701285e-6	0.0001189829647
2.918639426	0.2	1.562560517e-6	0.000138882644
2.868639426	0.2	1.946865815e-6	0.0001619893771
2.818639426	0.2	2.422876929e-6	0.0001887960628
2.768639426	0.2	3.011683262e-6	0.0002198669147
2.718639426	0.2	3.739008805e-6	0.0002558470419
2.668639426	0.2	4.636175453e-6	0.0002974732213
2.618639426	0.2	5.741253612e-6	0.0003455860078
2.568639426	0.2	7.100433971e-6	0.0004011433521
2.518639426	0.2	8.76966018e-6	0.0004652359247
2.468639426	0.2	0.00001081656919	0.0005391043827
2.418639426	0.2	0.00001332279452	0.0006241588676
2.368639426	0.2	0.00001638669803	0.0007220010885
2.318639426	0.2	0.00002012660921	0.0008344494405
2.268639426	0.2	0.00002468466758	0.0009635677351
2.218639426	0.2	0.0000302313866	0.00111169831
2.168639426	0.2	0.00003697108831	0.001281500548
2.118639426	0.2	0.0000451484017	0.001475996253
2.068639426	0.2	0.0000550560822	0.001698623926
2.018639426	0.2	0.00006704450853	0.00195330497
1.968639426	0.2	0.00008153336896	0.002244526418
1.918639426	0.2	0.00009902630864	0.002577447412
1.868639426	0.2	0.0001201297577	0.002958041295
1.818639426	0.2	0.0001455779755	0.003393293609
1.768639426	0.2	0.0001762679125	0.003891492669
1.718639426	0.2	0.0002133107022	0.004462682934
1.668639426	0.2	0.0002581136823	0.005119425776
1.618639426	0.2	0.0003125240473	0.005878192933
1.568639426	0.2	0.0003791122137	0.00676221201
1.518639426	0.2	0.0004618237748	0.007808169842
1.468639426	0.2	0.0005678418172	0.00908562936
1.418639426	0.2	0.000715234446	0.01077729929
1.368639426	0.2	0.001024367145	0.01414034368
3.818639426	0.225	2.55488174e-8	7.714081072e-6
3.768639426	0.225	3.232972661e-8	9.09314298e-6
3.718639426	0.225	4.088411853e-8	0.00001071394133
3.668639426	0.225	5.166755051e-8	0.00001261777849
3.618639426	0.225	6.525002699e-8	0.00001485277988
3.568639426	0.225	8.234396664e-8	0.00001747497152
3.518639426	0.225	1.038387697e-7	0.00002054951773
3.468639426	0.225	1.30843475e-7	0.00002415214074
3.418639426	0.225	1.647393136e-7	0.00002837074659
3.368639426	0.225	2.072443449e-7	0.00003330728481
3.318639426	0.225	2.604928149e-7	0.00003907987226
3.268639426	0.225	3.271324137e-7	0.00004582521522
3.218639426	0.225	4.104432501e-7	0.00005370136747
3.168639426	0.225	5.144831167e-7	0.00006289086657
3.118639426	0.225	6.442645111e-7	0.00007360429474
3.068639426	0.225	8.059699282e-7	0.00008608431631
3.018639426	0.225	1.00721317e-6	0.0001006102491
2.968639426	0.225	1.25735586e-6	0.0001175032334
2.918639426	0.225	1.567890033e-6	0.0001371320695
2.868639426	0.225	1.952899629e-6	0.0001599198025
2.818639426	0.225	2.429616016e-6	0.0001863511431
2.768639426	0.225	3.019085304e-6	0.0002169808226
2.718639426	0.225	3.746968348e-6	0.000252442996
2.668639426	0.225	4.644497905e-6	0.0002934618189
2.618639426	0.225	5.749621721e-6	0.0003408633479
2.568639426	0.225	7.108365241e-6	0.000395588935
2.518639426	0.225	8.776453674e-6	0.00045871032
2.468639426	0.225	0.00001082124022	0.0005314466669
2.418639426	0.225	0.00001332399608	0.0006151838425
2.368639426	0.225	0.00001638262871	0.0007114963139
2.318639426	0.225	0.00002011490866	0.0008221721415
2.268639426	0.225	0.00002466230351	0.0009492416919
2.218639426	0.225	0.00003019454159	0.001095010901
2.168639426	0.225	0.00003691506235	0.001262100226
2.118639426	0.225	0.00004506755833	0.00145349087
2.068639426	0.225	0.00005494388609	0.001672580583
2.018639426	0.225	0.0000668937341	0.001923252408
1.968639426	0.225	0.00008133661281	0.002209961571
1.918639426	0.225	0.00009877702609	0.002537848663
1.868639426	0.225	0.0001198241939	0.002912892569
1.818639426	0.225	0.0001452186241	0.003342126129
1.768639426	0.225	0.0001758696118	0.003833956087
1.718639426	0.225	0.0002129113871	0.004398666685
1.668639426	0.225	0.0002577936486	0.005049269963
1.618639426	0.225	0.0003124415963	0.005803068016
1.568639426	0.225	0.0003795732929	0.006684843244
1.518639426	0.225	0.0004634306329	0.007734353235
1.468639426	0.225	0.0005718621271	0.009027935476
1.418639426	0.225	0.0007248357026	0.01076730249
1.368639426	0.225	0.001055836501	0.01433874453
3.818639426	0.25	2.575932924e-8	7.627386994e-6
3.768639426	0.25	3.259046701e-8	8.990087751e-6
3.718639426	0.25	4.120646529e-8	0.0000105914665
3.668639426	0.25	5.206526534e-8	0.00001247226212
3.618639426	0.25	6.573969282e-8	0.00001467993494
3.568639426	0.25	8.294548468e-8	0.00001726972664
3.518639426	0.25	1.045759169e-7	0.00002030587727
3.468639426	0.25	1.317445196e-7	0.00002386302084
3.418639426	0.25	1.658376802e-7	0.00002802778336
3.368639426	0.25	2.085793157e-7	0.00003290061015
3.318639426	0.25	2.621102406e-7	0.00003859785234
3.268639426	0.25	3.290853969e-7	0.00004525414573
3.218639426	0.25	4.12792745e-7	0.00005302511928
3.168639426	0.25	5.172983641e-7	0.00006209047429
3.118639426	0.25	6.476231997e-7	0.00007265748007
3.068639426	0.25	8.099579333e-7	0.00008496493696
3.018639426	0.25	1.011923673e-6	0.00009928766311
2.968639426	0.25	1.262887596e-6	0.0001159415678
2.918639426	0.25	1.574344335e-6	0.0001352893812
2.868639426	0.25	1.960375874e-6	0.0001577471188
2.818639426	0.25	2.43820496e-6	0.0001837913676
2.768639426	0.25	3.028859714e-6	0.0002139674939
2.718639426	0.25	3.757970223e-6	0.0002488988845
2.668639426	0.25	4.656721496e-6	0.0002892973494
2.618639426	0.25	5.762991491e-6	0.0003359748379
2.568639426	0.25	7.122707904e-6	0.0003898566409
2.518639426	0.25	8.791463568e-6	0.0004519962916
2.468639426	0.25	0.00001083643758	0.0005235924179
2.418639426	0.25	0.0000133386784	0.0006060078608
2.368639426	0.25	0.00001639581647	0.0007007914558
2.318639426	0.25	0.00002012528872	0.0008097029877
2.268639426	0.25	0.00002466817655	0.0009347419871
2.218639426	0.25	0.00003019378515	0.001078181273
2.168639426	0.25	0.00003690512929	0.00124260648
2.118639426	0.25	0.0000450455435	0.001430963313
2.068639426	0.25	0.00005490671491	0.00164661507
2.018639426	0.25	0.00006683855991	0.001893414167
1.968639426	0.25	0.00008126156407	0.002175793439
1.918639426	0.25	0.00009868253354	0.002498886299
1.868639426	0.25	0.0001197152781	0.002868690734
1.818639426	0.25	0.0001451087851	0.00329230278
1.768639426	0.25	0.0001757874342	0.003778265686
1.718639426	0.25	0.0002129118666	0.004337122991
1.668639426	0.25	0.000257978042	0.004982356138
1.618639426	0.25	0.0003129935127	0.005732110098
1.568639426	0.25	0.0003808282346	0.006612715176
1.518639426	0.25	0.0004660229288	0.007666940249
1.468639426	0.25	0.0005770876719	0.008977693463
1.418639426	0.25	0.000735865994	0.01076503103
1.368639426	0.25	0.001088920275	0.01454137219
3.818639426	0.275	2.597539169e-8	7.532603987e-6
3.768639426	0.275	3.285839377e-8	8.877590014e-6
3.718639426	0.275	4.153812371e-8	0.00001045798096
3.668639426	0.275	5.247505534e-8	0.00001231392103
3.618639426	0.275	6.624502993e-8	0.00001449217048
3.568639426	0.275	8.35673569e-8	0.00001704714749
3.518639426	0.275	1.053395206e-7	0.00002004212431
3.468639426	0.275	1.326799771e-7	0.00002355059862
3.418639426	0.275	1.669808399e-7	0.00002765786354
3.368639426	0.275	2.09972628e-7	0.00003246280258
3.318639426	0.275	2.638036992e-7	0.00003807993887
3.268639426	0.275	3.311375219e-7	0.00004464177125
3.218639426	0.275	4.152715743e-7	0.00005230143375
3.168639426	0.275	5.202823996e-7	0.00006123571864
3.118639426	0.275	6.51202237e-7	0.00007164850852
3.068639426	0.275	8.142336671e-7	0.00008377466688
3.018639426	0.275	1.017009948e-6	0.00009788444328
2.968639426	0.275	1.268910118e-6	0.0001142884549
2.918639426	0.275	1.581439629e-6	0.0001333433135
2.868639426	0.275	1.968689191e-6	0.0001554579762
2.818639426	0.275	2.447886807e-6	0.0001811009061
2.768639426	0.275	3.040060614e-6	0.0002108081427
2.718639426	0.275	3.770833256e-6	0.0002451923952
2.668639426	0.275	4.671372172e-6	0.0002849532888
2.618639426	0.275	5.779524506e-6	0.0003308889162
2.568639426	0.275	7.141170474e-6	0.0003839088751
2.518639426	0.275	8.81183526e-6	0.0004450490085
2.468639426	0.275	0.00001085860706	0.0005154881123
2.418639426	0.275	0.00001336241832	0.0005965669409
2.368639426	0.275	0.00001642075921	0.0006898099301
2.318639426	0.275	0.00002015090778	0.0007969501806
2.268639426	0.275	0.00002469378216	0.0009199584223
2.218639426	0.275	0.0000302185482	0.00106107693
2.168639426	0.275	0.00003692815643	0.001222859742
2.118639426	0.275	0.0000450660401	0.00140822107
2.068639426	0.275	0.00005492429395	0.001620494695
2.018639426	0.275	0.00006685378928	0.001863508423
1.968639426	0.275	0.00008127689906	0.002141679956
1.918639426	0.275	0.00009870387125	0.002460144172
1.868639426	0.275	0.00011975452	0.002824928254
1.818639426	0.275	0.0001451880523	0.003243202884
1.768639426	0.275	0.000175946046	0.00372366021
1.718639426	0.275	0.000213218065	0.004277115245
1.668639426	0.275	0.0002585492055	0.004917528168
1.618639426	0.275	0.0003140324226	0.005663887426
1.568639426	0.275	0.0003826922314	0.006544049845
1.518639426	0.275	0.0004693689783	0.007603720636
1.468639426	0.275	0.0005832293346	0.008932166265
1.418639426	0.275	0.0007479712556	0.01076716112
1.368639426	0.275	0.001123227746	0.01474458806
3.818639426	0.3	2.618881478e-8	7.429128184e-6
3.768639426	0.3	3.312314651e-8	8.754936781e-6
3.718639426	0.3	4.186599553e-8	0.00001031264298
3.668639426	0.3	5.288037085e-8	0.00001214176159
3.618639426	0.3	6.674514078e-8	0.00001428831361
3.568639426	0.3	8.418321237e-8	0.00001680584967
3.518639426	0.3	1.060963244e-7	0.00001975662487
3.468639426	0.3	1.336079363e-7	0.00002321294551
3.418639426	0.3	1.681160097e-7	0.00002725871077
3.368639426	0.3	2.113578538e-7	0.00003199117505
3.318639426	0.3	2.65489649e-7	0.00003752295976
3.268639426	0.3	3.331838003e-7	0.00004398434664
3.218639426	0.3	4.177478937e-7	0.00005152588835
3.168639426	0.3	5.232697781e-7	0.00006032137617
3.118639426	0.3	6.547941672e-7	0.00007057120905
3.068639426	0.3	8.185371933e-7	0.00008250621336
3.018639426	0.3	1.022146549e-6	0.00009639196836
2.968639426	0.3	1.27501628e-6	0.0001125336987
2.918639426	0.3	1.588666944e-6	0.0001312818029
2.868639426	0.3	1.977203808e-6	0.0001530380947
2.818639426	0.3	2.457868005e-6	0.000178262845
2.768639426	0.3	3.051698267e-6	0.0002074827237
2.718639426	0.3	3.784323953e-6	0.0002412997559
2.668639426	0.3	4.686913779e-6	0.000280401424
2.618639426	0.3	5.797309073e-6	0.000325572073
2.568639426	0.3	7.161375586e-6	0.0003777058032
2.518639426	0.3	8.834614284e-6	0.0004378210749
2.468639426	0.3	0.00001088407937	0.0005070773032
2.418639426	0.3	0.00001339066159	0.0005867937868
2.368639426	0.3	0.00001645180748	0.0006784714176
2.318639426	0.3	0.00002018476147	0.0007838177466
2.268639426	0.3	0.00002473044014	0.0009047761756
2.218639426	0.3	0.00003025807806	0.001043560321
2.168639426	0.3	0.00003697082808	0.001202695
2.118639426	0.3	0.00004511256237	0.001385065895
2.068639426	0.3	0.00005497621553	0.001593980904
2.018639426	0.3	0.00006691416013	0.00183324763
1.968639426	0.3	0.00008135134323	0.002107273898
1.918639426	0.3	0.00009880231132	0.002421202171
1.868639426	0.3	0.0001198939416	0.002781095755
1.818639426	0.3	0.000145396953	0.003194207439
1.768639426	0.3	0.0001762716666	0.003669385597
1.718639426	0.3	0.0002137383621	0.004217722479
1.668639426	0.3	0.0002593932374	0.004853658223
1.618639426	0.3	0.0003154165615	0.005597015252
1.568639426	0.3	0.0003849886876	0.006477143419
1.518639426	0.3	0.0004732488322	0.007542596341
1.468639426	0.3	0.0005900140238	0.00888877785
1.418639426	0.3	0.0007608164155	0.0107705714
1.368639426	0.3	0.001158368724	0.01494480201
3.818639426	0.325	2.639088603e-8	7.316319563e-6
3.768639426	0.325	3.337371085e-8	8.621372274e-6
3.718639426	0.325	4.217616486e-8	0.00001015456018
3.668639426	0.325	5.32636413e-8	0.00001195473027
3.618639426	0.325	6.721785472e-8	0.00001406712067
3.568639426	0.325	8.476509479e-8	0.00001654436514
3.518639426	0.325	1.068111008e-7	0.00001944764612
3.468639426	0.325	1.344840383e-7	0.0000228480162
3.418639426	0.325	1.691873734e-7	0.00002682791095
3.368639426	0.325	2.126648102e-7	0.00003148287807
3.318639426	0.325	2.6707991e-7	0.00003692355142
3.268639426	0.325	3.351135241e-7	0.00004327790107
3.218639426	0.325	4.200828205e-7	0.00005069379493
3.168639426	0.325	5.260864075e-7	0.00005934191091
3.118639426	0.325	6.581809406e-7	0.00006941904335
3.068639426	0.325	8.225956265e-7	0.00008115185251
3.018639426	0.325	1.026992246e-6	0.00009480111146
2.968639426	0.325	1.28077974e-6	0.0001106665114
2.918639426	0.325	1.595494045e-6	0.0001290920935
2.868639426	0.325	1.985255848e-6	0.0001504723852
2.818639426	0.325	2.467321165e-6	0.0001752593276
2.768639426	0.325	3.062742363e-6	0.0002039700947
2.718639426	0.325	3.797160369e-6	0.0002371959204
2.668639426	0.325	4.701752588e-6	0.0002756120669
2.618639426	0.325	5.814365449e-6	0.0003199890956
2.568639426	0.325	7.180865929e-6	0.0003712056305
2.518639426	0.325	8.856752902e-6	0.0004302628473
2.468639426	0.325	0.0000109090773	0.0004983009767
2.418639426	0.325	0.00001341873026	0.000576618186
2.368639426	0.325	0.0000164831717	0.0006666923067
2.318639426	0.325	0.00002021968896	0.0007702060205
2.268639426	0.325	0.00002476929881	0.0008890763239
2.218639426	0.325	0.00003030143862	0.001025489387
2.168639426	0.325	0.00003701963901	0.001181942361
2.118639426	0.325	0.00004516843865	0.001361294351
2.068639426	0.325	0.00005504190492	0.001566829769
2.018639426	0.325	0.00006699428536	0.001802338892
1.968639426	0.325	0.00008145357315	0.002072223024
1.918639426	0.325	0.00009893920271	0.002381635984
1.868639426	0.325	0.000120085839	0.002736681192
1.818639426	0.325	0.000145676585	0.003144697329
1.768639426	0.325	0.0001766915236	0.00361469171
1.718639426	0.325	0.0002143827776	0.004158033799
1.668639426	0.325	0.0002603987735	0.004789637666
1.618639426	0.325	0.000317007952	0.005530141218
1.568639426	0.325	0.0003875464795	0.006410342985
1.518639426	0.325	0.0004774501397	0.00748154484
1.468639426	0.325	0.0005971784295	0.008845055884
1.418639426	0.325	0.0007740762418	0.01077225694
1.368639426	0.325	0.001193942874	0.01513837512
3.818639426	0.35	2.657241434e-8	7.193508888e-6
3.768639426	0.35	3.359847361e-8	8.476106086e-6
3.718639426	0.35	4.245396755e-8	9.98279918e-6
3.668639426	0.35	5.360636222e-8	0.00001175172494
3.618639426	0.35	6.763983707e-8	0.00001382729038
3.568639426	0.35	8.528359891e-8	0.00001626115768
3.518639426	0.35	1.074468211e-7	0.00001911337456
3.468639426	0.35	1.352616889e-7	0.00002245366995
3.418639426	0.35	1.701363433e-7	0.00002636293708
3.368639426	0.35	2.138198883e-7	0.00003093492877
3.318639426	0.35	2.684820709e-7	0.00003627819273
3.268639426	0.35	3.368107698e-7	0.00004251827784
3.218639426	0.35	4.221310552e-7	0.00004980024605
3.168639426	0.35	5.285503204e-7	0.00005829152847
3.118639426	0.35	6.611348566e-7	0.00006818516879
3.068639426	0.35	8.261242865e-7	0.0000797035025
3.018639426	0.35	1.03119143e-6	0.00009310232516
2.968639426	0.35	1.285756674e-6	0.0001086756112
2.918639426	0.35	1.601367497e-6	0.0001267608507
2.868639426	0.35	1.992155809e-6	0.0001477450818
2.818639426	0.35	2.475388031e-6	0.0001720717066
2.768639426	0.35	3.072125531e-6	0.0002002481918
2.718639426	0.35	3.808016253e-6	0.0002328547707
2.668639426	0.35	4.714242128e-6	0.0002705542854
2.618639426	0.35	5.828651405e-6	0.0003141033313
2.568639426	0.35	7.197110565e-6	0.0003643649013
2.518639426	0.35	8.875117158e-6	0.0004223227724
2.468639426	0.35	0.00001092972337	0.0004890979335
2.418639426	0.35	0.00001344183073	0.0005659674368
2.368639426	0.35	0.00001650893023	0.0006543861656
2.318639426	0.35	0.00002024838034	0.000756012165
2.268639426	0.35	0.00002480134055	0.0008727364044
2.218639426	0.35	0.00003033751248	0.00100671816
2.168639426	0.35	0.00003706089061	0.001160427669
2.118639426	0.35	0.0000452167978	0.001336698429
2.068639426	0.35	0.00005510059172	0.001538792566
2.018639426	0.35	0.00006706860126	0.001770484437
1.968639426	0.35	0.00008155213098	0.002036170369
1.918639426	0.35	0.0000990758352	0.002341017071
1.868639426	0.35	0.0001202825711	0.002691169298
1.818639426	0.35	0.0001459682978	0.003094051957
1.768639426	0.35	0.0001771333757	0.003558829721
1.718639426	0.35	0.0002150622643	0.004097143862
1.668639426	0.35	0.0002614559434	0.004724369617
1.618639426	0.35	0.0003186708622	0.005461933487
1.568639426	0.35	0.0003901976796	0.006342027928
1.518639426	0.35	0.000481764782	0.007418590293
1.468639426	0.35	0.0006044640682	0.008798587716
1.418639426	0.35	0.0007874282504	0.01076926498
1.368639426	0.35	0.001229530977	0.01532154407
3.818639426	0.375	2.672377903e-8	7.060005428e-6
3.768639426	0.375	3.378528446e-8	8.318322253e-6
3.718639426	0.375	4.268406859e-8	9.796396184e-6
3.668639426	0.375	5.388919229e-8	0.00001153160734
3.618639426	0.375	6.798671061e-8	0.00001356747859
3.568639426	0.375	8.57080224e-8	0.00001595464007
3.518639426	0.375	1.079648453e-7	0.00001875193613
3.468639426	0.375	1.358922949e-7	0.00002202769414
3.418639426	0.375	1.709018568e-7	0.00002586117692
3.368639426	0.375	2.14746415e-7	0.00003034424306
3.318639426	0.375	2.695999376e-7	0.00003558324257
3.268639426	0.375	3.381549525e-7	0.00004170117809
3.218639426	0.375	4.237415653e-7	0.00004884016602
3.168639426	0.375	5.304725111e-7	0.00005716423548
3.118639426	0.375	6.634196034e-7	0.00006686250777
3.068639426	0.375	8.288279678e-7	0.00007815280406
3.018639426	0.375	1.034375655e-6	0.00009128573483
2.968639426	0.375	1.289487645e-6	0.0001065493313
2.918639426	0.375	1.605714928e-6	0.0001242742869
2.868639426	0.375	1.997191284e-6	0.0001448398864
2.818639426	0.375	2.48118271e-6	0.0001686807108
2.768639426	0.375	3.078747193e-6	0.0001962942206
2.718639426	0.375	3.815525584e-6	0.000228249336
2.668639426	0.375	4.722688488e-6	0.0002651961545
2.618639426	0.375	5.838068374e-6	0.0003078769743
2.568639426	0.375	7.207512385e-6	0.0003571388296
2.518639426	0.375	8.886494791e-6	0.0004139477573
2.468639426	0.375	0.00001094204859	0.0004794052044
2.418639426	0.375	0.00001345506317	0.0005547668127
2.368639426	0.375	0.00001652303898	0.0006414642594
2.318639426	0.375	0.00002026338588	0.0007411307387
2.268639426	0.375	0.00002481738984	0.000855631033
2.218639426	0.375	0.00003035500617	0.0009870974235
2.168639426	0.375	0.0000370806911	0.001137973197
2.118639426	0.375	0.00004524056116	0.001311066253
2.068639426	0.375	0.00005513128869	0.001509616459
2.018639426	0.375	0.00006711132647	0.001737382227
1.968639426	0.375	0.00008161535278	0.001998754703
1.918639426	0.375	0.00009917332324	0.002298912863
1.868639426	0.375	0.0001204363792	0.002644041351
1.818639426	0.375	0.000146213418	0.003041648335
1.768639426	0.375	0.0001775251018	0.003501050148
1.718639426	0.375	0.0002156880996	0.004034149312
1.668639426	0.375	0.0002624554744	0.004656762992
1.618639426	0.375	0.0003202704978	0.005391071176
1.568639426	0.375	0.0003927756454	0.006270594988
1.518639426	0.375	0.0004859860888	0.007351780618
1.468639426	0.375	0.000611613251	0.008746985959
1.418639426	0.375	0.0008005469918	0.0107586453
1.368639426	0.375	0.001264687309	0.01549035845
3.818639426	0.4	2.683498514e-8	6.915105545e-6
3.768639426	0.4	3.392152535e-8	8.147189335e-6
3.718639426	0.4	4.285054913e-8	9.594368865e-6
3.668639426	0.4	5.409206238e-8	0.00001129321699
3.618639426	0.4	6.823319189e-8	0.00001328631449
3.568639426	0.4	8.600653616e-8	0.00001562319321
3.518639426	0.4	1.083251343e-7	0.00001836141858
3.468639426	0.4	1.36325528e-7	0.00002156783042
3.418639426	0.4	1.71420703e-7	0.00002531996345
3.368639426	0.4	2.153650643e-7	0.00002970767146
3.318639426	0.4	2.703340427e-7	0.00003483498167
3.268639426	0.4	3.390214549e-7	0.00004082220959
3.218639426	0.4	4.247583594e-7	0.00004780836769
3.168639426	0.4	5.316578879e-7	0.00005595390563
3.118639426	0.4	6.647914002e-7	0.00006544382404
3.068639426	0.4	8.304023361e-7	0.00007649120916
3.018639426	0.4	1.036165343e-6	0.00008934124148
2.968639426	0.4	1.291499674e-6	0.0001042757384
2.918639426	0.4	1.607947529e-6	0.0001216182989
2.868639426	0.4	1.999629968e-6	0.0001417401278
2.818639426	0.4	2.483795335e-6	0.0001650666286
2.768639426	0.4	3.081477914e-6	0.0001920848685
2.718639426	0.4	3.81828772e-6	0.0002233520358
2.668639426	0.4	4.725356364e-6	0.0002595050339
2.618639426	0.4	5.84046847e-6	0.0003012713824
2.568639426	0.4	7.209414039e-6	0.0003494816351
2.518639426	0.4	8.887604377e-6	0.0004050835754
2.468639426	0.4	0.00001094200264	0.0004691585093
2.418639426	0.4	0.0000134534326	0.0005429400778
2.368639426	0.4	0.00001651934331	0.000627836124
2.318639426	0.4	0.0000202571282	0.000725454332
2.268639426	0.4	0.0000248081248	0.0008376325997
2.218639426	0.4	0.00003034245989	0.0009664754672
2.168639426	0.4	0.00003706496156	0.001114398449
2.118639426	0.4	0.00004522244185	0.001284182908
2.068639426	0.4	0.00005511278017	0.00147904533
2.018639426	0.4	0.00006709643303	0.001702726755
1.968639426	0.4	0.00008161131431	0.001959611222
1.918639426	0.4	0.00009919251347	0.002254887244
1.868639426	0.4	0.0001204992385	0.00259477531
1.818639426	0.4	0.0001463530184	0.002986860656
1.768639426	0.4	0.0001777943525	0.003440601554
1.718639426	0.4	0.0002161713671	0.003968146156
1.668639426	0.4	0.000263287933	0.004585727888
1.618639426	0.4	0.0003216718912	0.005316236797
1.568639426	0.4	0.0003951134074	0.006194446342
1.518639426	0.4	0.000489906506	0.007279169235
1.468639426	0.4	0.0006183657297	0.008687861191
1.418639426	0.4	0.0008130992968	0.01073741095
1.368639426	0.4	0.001298932635	0.01564062629
3.818639426	0.425	2.689572671e-8	6.758102304e-6
3.768639426	0.425	3.399418986e-8	7.961871712e-6
3.718639426	0.425	4.293700599e-8	9.375729593e-6
3.668639426	0.425	5.41943e-8	0.00001103538672
3.618639426	0.425	6.835324684e-8	0.00001298241884
3.568639426	0.425	8.61463784e-8	0.00001526518742
3.518639426	0.425	1.084864914e-7	0.00001793989641
3.468639426	0.425	1.365096264e-7	0.00002107180387
3.418639426	0.425	1.716278973e-7	0.0000247366091
3.368639426	0.425	2.155943181e-7	0.00002902203885
3.318639426	0.425	2.705822147e-7	0.00003402965898
3.268639426	0.425	3.392823299e-7	0.0000398769408
3.218639426	0.425	4.250213537e-7	0.00004669961542
3.168639426	0.425	5.319063376e-7	0.00005465435297
3.118639426	0.425	6.650003257e-7	0.00006392180834
3.068639426	0.425	8.305355462e-7	0.00007471008027
3.018639426	0.425	1.036171755e-6	0.00008725863691
2.968639426	0.425	1.291308628e-6	0.0001018427664
2.918639426	0.425	1.60746295e-6	0.0001187786221
2.868639426	0.425	1.998723149e-6	0.0001384289391
2.818639426	0.425	2.48229615e-6	0.0001612095119
2.768639426	0.425	3.079164231e-6	0.0001875965378
2.718639426	0.425	3.814873202e-6	0.0002181349485
2.668639426	0.425	4.720475909e-6	0.0002534478761
2.618639426	0.425	5.833662535e-6	0.0002942474289
2.568639426	0.425	7.200111673e-6	0.0003413469928
2.518639426	0.425	8.875106255e-6	0.0003956753244
2.468639426	0.425	0.00001092546631	0.0004582927739
2.418639426	0.425	0.00001343186287	0.0005304100679
2.368639426	0.425	0.00001649159313	0.0006134102154
2.318639426	0.425	0.00002022191828	0.0007088742867
2.268639426	0.425	0.00002476409361	0.0008186120627
2.218639426	0.425	0.00003028826324	0.0009446989496
2.168639426	0.425	0.00003699944933	0.001089521088
2.118639426	0.425	0.00004514495365	0.001255831428
2.068639426	0.425	0.00005502362266	0.001446820804
2.018639426	0.425	0.00006699763397	0.001666210062
1.968639426	0.425	0.00008150779705	0.001918372507
1.918639426	0.425	0.00009909391869	0.002208501374
1.868639426	0.425	0.0001204227439	0.002542846371
1.818639426	0.425	0.0001463277354	0.002929060411
1.768639426	0.425	0.0001778682668	0.003376729964
1.718639426	0.425	0.0002164225298	0.003898228108
1.668639426	0.425	0.000263843088	0.004510172295
1.618639426	0.425	0.0003227389708	0.005236110558
1.568639426	0.425	0.0003970423146	0.006111980378
1.518639426	0.425	0.0004933156364	0.007198800711
1.468639426	0.425	0.0006244558786	0.008618800341
1.418639426	0.425	0.0008247402157	0.01070250657
1.368639426	0.425	0.001331747527	0.01576786446
3.818639426	0.45	2.68954575e-8	6.588296162e-6
3.768639426	0.45	3.398997205e-8	7.761542128e-6
3.718639426	0.45	4.292666297e-8	9.139500177e-6
3.668639426	0.45	5.417476863e-8	0.00001075695996
3.618639426	0.45	6.832026496e-8	0.00001265442429
3.568639426	0.45	8.609407222e-8	0.00001487900618
3.518639426	0.45	1.084068331e-7	0.00001748545866
3.468639426	0.45	1.363917305e-7	0.00002053735558
3.418639426	0.45	1.714570991e-7	0.00002410844363
3.368639426	0.45	2.153509859e-7	0.00002828418889
3.318639426	0.45	2.702402223e-7	0.0000331635435
3.268639426	0.45	3.388070975e-7	0.00003886096136
3.218639426	0.45	4.24367354e-7	0.00004550869557
3.168639426	0.45	5.310139349e-7	0.00005325941388
3.118639426	0.45	6.637917911e-7	0.00006228917349
3.068639426	0.45	8.289100735e-7	0.00007280080133
3.018639426	0.45	1.033999228e-6	0.00008502773231
2.968639426	0.45	1.288421945e-6	0.00009923836505
2.918639426	0.45	1.603648599e-6	0.0001157410027
2.868639426	0.45	1.993709696e-6	0.0001348894573
2.818639426	0.45	2.475740409e-6	0.0001570894069
2.768639426	0.45	3.070634778e-6	0.0001828056124
2.718639426	0.45	3.803830744e-6	0.0002125701167
2.668639426	0.45	4.706250993e-6	0.0002469915756
2.618639426	0.45	5.815429865e-6	0.0002867659019
2.568639426	0.45	7.176861783e-6	0.0003326884382
2.518639426	0.45	8.845615424e-6	0.00038566794
2.468639426	0.45	0.0000108882663	0.0004467427123
2.418639426	0.45	0.00001338521348	0.0005170993481
2.368639426	0.45	0.00001643346225	0.0005980946524
2.318639426	0.45	0.00002014997684	0.0006912815282
2.268639426	0.45	0.00002467573744	0.0007984398712
2.218639426	0.45	0.00003018067908	0.0009216139159
2.168639426	0.45	0.00003686975148	0.00106315805
2.118639426	0.45	0.00004499043207	0.001225793987
2.068639426	0.45	0.00005484216079	0.001412683501
2.018639426	0.45	0.00006678838894	0.001627523033
1.968639426	0.45	0.00008127227915	0.001874669828
1.918639426	0.45	0.00009883768375	0.002159314923
1.868639426	0.45	0.0001201580381	0.002487728038
1.818639426	0.45	0.0001460776392	0.002867617138
1.768639426	0.45	0.0001776732589	0.00330867908
1.718639426	0.45	0.0002163510949	0.003823485949
1.668639426	0.45	0.0002640094024	0.004429000177
1.618639426	0.45	0.0003233338006	0.005149366492
1.568639426	0.45	0.0003983909151	0.006021584955
1.518639426	0.45	0.0004959982934	0.007108697076
1.468639426	0.45	0.0006296103098	0.008537349783
1.418639426	0.45	0.0008351095097	0.01065078294
1.368639426	0.45	0.001362565859	0.01586725289
3.818639426	0.475	2.682347418e-8	6.405007075e-6
3.768639426	0.475	3.389537073e-8	7.545395913e-6
3.718639426	0.475	4.280250151e-8	8.884728549e-6
3.668639426	0.475	5.401203159e-8	0.00001045681031
3.618639426	0.475	6.810726323e-8	0.00001230099819
3.568639426	0.475	8.581568004e-8	0.00001446307301
3.518639426	0.475	1.080435115e-7	0.00001699624046
3.468639426	0.475	1.359182847e-7	0.00001996227949
3.418639426	0.475	1.708411098e-7	0.00002343285739
3.368639426	0.475	2.145508229e-7	0.00002749103442
3.318639426	0.475	2.692025386e-7	0.00003223298311
3.268639426	0.475	3.374636881e-7	0.00003776995064
3.218639426	0.475	4.226312194e-7	0.00004423049632
3.168639426	0.475	5.287743726e-7	0.0000517630401
3.118639426	0.475	6.609083011e-7	0.00006053876257
3.068639426	0.475	8.25204813e-7	0.0000707549024
3.018639426	0.475	1.029247737e-6	0.00008263850306
2.968639426	0.475	1.282341777e-6	0.00009645066805
2.918639426	0.475	1.595885448e-6	0.0001124913922
2.868639426	0.475	1.983820681e-6	0.0001311050474
2.818639426	0.475	2.463173891e-6	0.0001526866122
2.768639426	0.475	3.054706448e-6	0.0001776887549
2.718639426	0.475	3.783695231e-6	0.0002066298897
2.668639426	0.475	4.680868917e-6	0.0002401033644
2.618639426	0.475	5.783529753e-6	0.0002787879573
2.568639426	0.475	7.136897257e-6	0.0003234599117
2.518639426	0.475	8.795717853e-6	0.0003750067897
2.468639426	0.475	0.00001082619427	0.0004344435021
2.418639426	0.475	0.00001330830149	0.0005029309778
2.368639426	0.475	0.00001633857252	0.0005817980723
2.318639426	0.475	0.00002003346156	0.0006725675252
2.268639426	0.475	0.00002453342083	0.0007769870395
2.218639426	0.475	0.00003000787669	0.0008970669922
2.168639426	0.475	0.00003666135076	0.001035126858
2.118639426	0.475	0.00004474107117	0.001193853345
2.068639426	0.475	0.00005454656264	0.001376374604
2.018639426	0.475	0.00006644193579	0.001586357059
1.968639426	0.475	0.00008087195498	0.001828134854
1.918639426	0.475	0.00009838358804	0.002106887803
1.868639426	0.475	0.0001196557868	0.002428893794
1.818639426	0.475	0.000145542166	0.00280189992
1.768639426	0.475	0.0001771348839	0.003235691424
1.718639426	0.475	0.0002158653784	0.003743008044
1.668639426	0.475	0.0002636736569	0.004341111012
1.618639426	0.475	0.0003233159959	0.005054670499
1.568639426	0.475	0.0003989840695	0.005921633181
1.518639426	0.475	0.000497734735	0.007006864192
1.468639426	0.475	0.0006335458925	0.008441002827
1.418639426	0.475	0.0008438286159	0.01057897686
1.368639426	0.475	0.001390768399	0.01593359169
3.818639426	0.5	2.666901096e-8	6.207588071e-6
3.768639426	0.5	3.369680825e-8	7.312666932e-6
3.718639426	0.5	4.254740968e-8	8.610507495e-6
3.668639426	0.5	5.36845379e-8	0.00001013386352
3.618639426	0.5	6.768712299e-8	0.00001192086863
3.568639426	0.5	8.527709968e-8	0.00001401588179
3.518639426	0.5	1.073536705e-7	0.0000164704583
3.468639426	0.5	1.350354815e-7	0.00001934446369
3.418639426	0.5	1.697124277e-7	0.00002270734954
3.368639426	0.5	2.131092154e-7	0.00002663961391
3.318639426	0.5	2.673631935e-7	0.00003123447053
3.268639426	0.5	3.351194998e-7	0.0000365997547
3.218639426	0.5	4.196471685e-7	0.00004286009748
3.168639426	0.5	5.249805769e-7	0.00005015940324
3.118639426	0.5	6.560914354e-7	0.00005866367061
3.068639426	0.5	8.190975824e-7	0.00006856420212
3.018639426	0.5	1.021515966e-6	0.00008008125399
2.968639426	0.5	1.272568694e-6	0.00009346818463
2.918639426	0.5	1.583552606e-6	0.0001090161694
2.868639426	0.5	1.968284901e-6	0.0001270595596
2.818639426	0.5	2.443639723e-6	0.0001479819775
2.768639426	0.5	3.030193069e-6	0.000172223251
2.718639426	0.5	3.752997579e-6	0.00020028732
2.668639426	0.5	4.642511915e-6	0.0002327512641
2.618639426	0.5	5.73571524e-6	0.0002702756382
2.568639426	0.5	7.077443189e-6	0.0003136163479
2.518639426	0.5	8.721989741e-6	0.000363638352
2.468639426	0.5	0.00001073502942	0.0004213315582
2.418639426	0.5	0.00001319592806	0.0004878293907
2.368639426	0.5	0.00001620052597	0.0005644306393
2.318639426	0.5	0.00001986450405	0.0006526254302
2.268639426	0.5	0.00002432747371	0.000754126429
2.218639426	0.5	0.00002975797895	0.0008709068191
2.168639426	0.5	0.0000363596661	0.001005247213
2.118639426	0.5	0.00004437897861	0.001159794596
2.068639426	0.5	0.00005411487914	0.001337637779
2.018639426	0.5	0.00006593135043	0.001542406133
1.968639426	0.5	0.00008027379838	0.001778401948
1.918639426	0.5	0.00009769109626	0.002050782533
1.868639426	0.5	0.000118866211	0.002365819519
1.818639426	0.5	0.0001446601213	0.002731279772
1.768639426	0.5	0.0001761777941	0.003157010565
1.718639426	0.5	0.0002148724036	0.003655882298
1.668639426	0.5	0.0002627207218	0.004245401015
1.618639426	0.5	0.0003225423289	0.004950680485
1.568639426	0.5	0.0003986423089	0.00581048186
1.518639426	0.5	0.0004982965294	0.006891259703
1.468639426	0.5	0.0006359681933	0.0083271917
1.418639426	0.5	0.0008504980769	0.01048369636
1.368639426	0.5	0.001415676531	0.01596126165
3.818639426	0.525	2.642134979e-8	5.995440669e-6
3.768639426	0.525	3.338076889e-8	7.062645705e-6
3.718639426	0.525	4.214435557e-8	8.315995934e-6
3.668639426	0.525	5.317084015e-8	9.787122492e-6
3.618639426	0.525	6.703285364e-8	0.0000115128534
3.568639426	0.525	8.444439356e-8	0.00001353603092
3.518639426	0.525	1.062946766e-7	0.00001590645047
3.468639426	0.525	1.336897975e-7	0.00001868193778
3.418639426	0.525	1.680039109e-7	0.00002192958346
3.368639426	0.525	2.109420117e-7	0.00002572715621
3.318639426	0.525	2.646168024e-7	0.00003016471889
3.268639426	0.525	3.316426648e-7	0.00003534647449
3.218639426	0.525	4.152503495e-7	0.00004139287335
3.168639426	0.525	5.194266381e-7	0.00004844301474
3.118639426	0.525	6.490842437e-7	0.00005665738424
3.068639426	0.525	8.102680207e-7	0.00006622096978
3.018639426	0.525	1.010404867e-6	0.0000773468079
2.968639426	0.525	1.258606096e-6	0.00009028001843
2.918639426	0.525	1.566032642e-6	0.0001053023943
2.868639426	0.525	1.946335494e-6	0.0001227376248
2.818639426	0.525	2.416186166e-6	0.0001429572424
2.768639426	0.525	2.995914671e-6	0.0001663874011
2.718639426	0.525	3.710276225e-6	0.0001935166157
2.668639426	0.525	4.589371338e-6	0.000224904611
2.618639426	0.525	5.669750159e-6	0.0002611924789
2.568639426	0.525	6.995737285e-6	0.0003031143691
2.518639426	0.525	8.621021841e-6	0.000351511012
2.468639426	0.525	0.00001061056779	0.0004073454467
2.418639426	0.525	0.00001304291293	0.0004717214373
2.368639426	0.525	0.00001601294379	0.0005459052203
2.318639426	0.525	0.0000196352556	0.000631351414
2.268639426	0.525	0.00002404824456	0.00072973426
2.218639426	0.525	0.00002941912368	0.0008429857587
2.168639426	0.525	0.00003595012526	0.0009733429247
2.118639426	0.525	0.00004388625713	0.001123407334
2.068639426	0.525	0.0000535251318	0.001296221565
2.018639426	0.525	0.00006522964283	0.001495369473
1.968639426	0.525	0.00007944464467	0.001725110863
1.918639426	0.525	0.00009671946415	0.001990567357
1.868639426	0.525	0.000117740763	0.002297993801
1.818639426	0.525	0.0001433697708	0.002655133121
1.768639426	0.525	0.0001747258058	0.003071884667
1.718639426	0.525	0.0002132778911	0.003561199458
1.668639426	0.525	0.0002610335022	0.004140766322
1.618639426	0.525	0.0003208665528	0.004836048936
1.568639426	0.525	0.0003971814722	0.005686472973
1.518639426	0.525	0.0004974490367	0.006759820721
1.468639426	0.525	0.0006365702899	0.008193283922
1.418639426	0.525	0.0008546954864	0.01036141164
1.368639426	0.525	0.001436546203	0.01594418919
3.818639426	0.55	2.606994923e-8	5.768032451e-6
3.768639426	0.55	3.293396051e-8	6.794700061e-6
3.718639426	0.55	4.157659022e-8	8.000443196e-6
3.668639426	0.55	5.244984845e-8	9.415695745e-6
3.618639426	0.55	6.611791948e-8	0.00001107589373
3.568639426	0.55	8.328419761e-8	0.00001302226276
3.518639426	0.55	1.048246073e-7	0.0000153027228
3.468639426	0.55	1.318286021e-7	0.00001797292644
3.418639426	0.55	1.656495411e-7	0.00002109744952
3.368639426	0.55	2.079664653e-7	0.00002475115403
3.318639426	0.55	2.608597392e-7	0.00002902074782
3.268639426	0.55	3.269035339e-7	0.0000340065669
3.218639426	0.55	4.09278672e-7	0.0000398246106
3.168639426	0.55	5.119100869e-7	0.00004660886338
3.118639426	0.55	6.396340366e-7	0.00005451394205
3.068639426	0.55	7.984010338e-7	0.00006371811205
3.018639426	0.55	9.955218986e-7	0.00007442672285
2.968639426	0.55	1.23996539e-6	0.00008687611999
2.918639426	0.55	1.542717959e-6	0.0001013381013
2.868639426	0.55	1.917217507e-6	0.0001181249917
2.818639426	0.55	2.379876156e-6	0.0001375954309
2.768639426	0.55	2.950709228e-6	0.000160160979
2.718639426	0.55	3.654091347e-6	0.0001862936699
2.668639426	0.55	4.5196647e-6	0.0002165346659
2.618639426	0.55	5.583429645e-6	0.0002515042077
2.568639426	0.55	6.889054611e-6	0.0002919130951
2.518639426	0.55	8.489449186e-6	0.0003385759921
2.468639426	0.55	0.00001044865694	0.0003924269459
2.418639426	0.55	0.00001284413632	0.0004545376054
2.368639426	0.55	0.00001576951727	0.0005261387882
2.318639426	0.55	0.00001933794721	0.0006086462676
2.268639426	0.55	0.00002368617105	0.0007036919342
2.218639426	0.55	0.00002897954634	0.0008131619629
2.168639426	0.55	0.0000354182582	0.000939244237
2.118639426	0.55	0.00004324511297	0.001084488275
2.068639426	0.55	0.0000527554404	0.001251882343
2.018639426	0.55	0.00006430990023	0.00144495484
1.968639426	0.55	0.00007835139076	0.001667910772
1.918639426	0.55	0.00009542791299	0.001925820302
1.868639426	0.55	0.0001162244555	0.002224887475
1.818639426	0.55	0.0001416090411	0.002572846641
1.768639426	0.55	0.0001727020977	0.00297957165
1.718639426	0.55	0.0002109864767	0.003458058702
1.668639426	0.55	0.0002584930908	0.004026108535
1.618639426	0.55	0.0003181394884	0.004709428386
1.568639426	0.55	0.0003944126702	0.005547938726
1.518639426	0.55	0.0004949495289	0.006610453402
1.468639426	0.55	0.0006350321965	0.008036584723
1.418639426	0.55	0.0008559740749	0.01020845289
1.368639426	0.55	0.001452562339	0.0158758177
3.818639426	0.575	2.560459301e-8	5.524917134e-6
3.768639426	0.575	3.234350164e-8	6.508298763e-6
3.718639426	0.575	4.082788245e-8	7.663216793e-6
3.668639426	0.575	5.150112515e-8	9.018830091e-6
3.618639426	0.575	6.491660454e-8	0.00001060909251
3.568639426	0.575	8.176417795e-8	0.00001247350855
3.518639426	0.575	1.029028396e-7	0.00001465800178
3.468639426	0.575	1.294009003e-7	0.00001721591193
3.418639426	0.575	1.625853464e-7	0.00002020913819
3.368639426	0.575	2.041023853e-7	0.0000237094495
3.318639426	0.575	2.559916519e-7	0.00002779998547
3.268639426	0.575	3.207763988e-7	0.00003257696068
3.218639426	0.575	4.015749472e-7	0.00003815164395
3.168639426	0.575	5.022353526e-7	0.00004465259087
3.118639426	0.575	6.274956697e-7	0.00005222811946
3.068639426	0.575	7.831908826e-7	0.00006104938871
3.018639426	0.575	9.764860389e-7	0.00007131354326
2.968639426	0.575	1.216172229e-6	0.00008324758024
2.918639426	0.575	1.513018484e-6	0.00009711264073
2.868639426	0.575	1.880197542e-6	0.0001132089266
2.818639426	0.575	2.333798904e-6	0.0001318813127
2.768639426	0.575	2.893446517e-6	0.0001535257627
2.718639426	0.575	3.58304166e-6	0.0001785966764
2.668639426	0.575	4.431656197e-6	0.0002076153272
2.618639426	0.575	5.474605436e-6	0.0002411795743
2.568639426	0.575	6.754738161e-6	0.0002799750981
2.518639426	0.575	8.323987943e-6	0.0003247884526
2.468639426	0.575	0.00001024524111	0.0003765223202
2.418639426	0.575	0.00001259459203	0.0004362134758
2.368639426	0.575	0.0000154640716	0.000505054095
2.318639426	0.575	0.00001896496556	0.0005844173198
2.268639426	0.575	0.00002323187002	0.0006758882277
2.218639426	0.575	0.00002842768633	0.0007813018771
2.168639426	0.575	0.00003474982526	0.0009027906954
2.118639426	0.575	0.00004243800433	0.001042844504
2.068639426	0.575	0.00005178419298	0.001204387995
2.018639426	0.575	0.00006314549041	0.001390882708
1.968639426	0.575	0.00007696118469	0.001606464595
1.918639426	0.575	0.0000937758937	0.001856134426
1.868639426	0.575	0.0001142718799	0.002146029301
1.818639426	0.575	0.0001393158492	0.002483823732
1.768639426	0.575	0.0001700295776	0.002879346346
1.718639426	0.575	0.0002079020889	0.003345575374
1.668639426	0.575	0.000254979179	0.003900343188
1.618639426	0.575	0.0003142094324	0.004569480433
1.568639426	0.575	0.0003901426606	0.005393210985
1.518639426	0.575	0.0004905479125	0.006441046353
1.468639426	0.575	0.0006310208726	0.007854345857
1.418639426	0.575	0.0008538621148	0.01002101669
1.368639426	0.575	0.001462834067	0.01574908898
3.818639426	0.6	2.501556925e-8	5.265757875e-6
3.768639426	0.6	3.159714621e-8	6.203038909e-6
3.718639426	0.6	3.988280124e-8	7.303834642e-6
3.668639426	0.6	5.030523888e-8	8.595948505e-6
3.618639426	0.6	6.340445569e-8	0.00001011175879
3.568639426	0.6	7.985358565e-8	0.00001188894063
3.518639426	0.6	1.004907359e-7	0.00001397129567
3.468639426	0.6	1.263581723e-7	0.00001640970528
3.418639426	0.6	1.587504545e-7	0.00001926322395
3.368639426	0.6	1.992734591e-7	0.00002260033257
3.318639426	0.6	2.499166813e-7	0.00002650037346
3.268639426	0.6	3.131415928e-7	0.00003105519229
3.218639426	0.6	3.919894964e-7	0.0000363710148
3.168639426	0.6	4.902129426e-7	0.00004257059156
3.118639426	0.6	6.124355379e-7	0.00004979564528
3.068639426	0.6	7.643460892e-7	0.00005820966534
3.018639426	0.6	9.529339496e-7	0.00006800109574
2.968639426	0.6	1.186773936e-6	0.00007938697277
2.918639426	0.6	1.476370737e-6	0.00009261707678
2.868639426	0.6	1.834574808e-6	0.0001079786752
2.818639426	0.6	2.277083538e-6	0.0001258019418
2.768639426	0.6	2.823045207e-6	0.0001464661641
2.718639426	0.6	3.495785672e-6	0.0001704068627
2.668639426	0.6	4.323682467e-6	0.0001981239786
2.618639426	0.6	5.341216424e-6	0.0002301913251
2.568639426	0.6	6.590236065e-6	0.0002672675323
2.518639426	0.6	8.121480647e-6	0.0003101087989
2.468639426	0.6	9.99641609e-6	0.0003595838302
2.418639426	0.6	0.00001228945475	0.0004166914709
2.368639426	0.6	0.00001509064514	0.0004825816768
2.318639426	0.6	0.0000185089488	0.0005585807447
2.268639426	0.6	0.0000226762532	0.0006462219486
2.218639426	0.6	0.00002775232591	0.0007472832921
2.168639426	0.6	0.00003393097703	0.0008638346159
2.118639426	0.6	0.00004144783812	0.0009982974808
2.068639426	0.6	0.00005059027843	0.001153522482
2.018639426	0.6	0.00006171032332	0.001332891411
1.968639426	0.6	0.00007524176699	0.001540455098
1.918639426	0.6	0.00009172345866	0.00178112452
1.868639426	0.6	0.0001118319152	0.002060943718
1.818639426	0.6	0.0001364286041	0.002387493102
1.768639426	0.6	0.000166631456	0.002770510148
1.718639426	0.6	0.000203928606	0.003222891838
1.668639426	0.6	0.0002503707926	0.00376241184
1.618639426	0.6	0.0003089229747	0.004414889197
1.568639426	0.6	0.0003841747256	0.0052206361
1.518639426	0.6	0.0004839875204	0.006249485836
1.468639426	0.6	0.0006241911034	0.007643783139
1.418639426	0.6	0.0008478634139	0.009795183298
1.368639426	0.6	0.00146639131	0.01555643914
3.818639426	0.625	2.429387767e-8	4.99035421e-6
3.768639426	0.625	3.068354468e-8	5.878677676e-6
3.718639426	0.625	3.872704372e-8	6.922002443e-6
3.668639426	0.625	4.884417701e-8	8.146694098e-6
3.618639426	0.625	6.155880753e-8	9.583459649e-6
3.568639426	0.625	7.75239144e-8	0.00001126803347
3.518639426	0.625	9.755246619e-8	0.00001324196612
3.468639426	0.625	1.226554198e-7	0.00001555353088
3.418639426	0.625	1.540883834e-7	0.00001825876374
3.368639426	0.625	1.9340885e-7	0.0000214226564
3.318639426	0.625	2.425463124e-7	0.0000251205229
3.268639426	0.625	3.038879548e-7	0.00002943956406
3.218639426	0.625	3.803832286e-7	0.00003448065693
3.168639426	0.625	4.75671354e-7	0.00004036040111
3.118639426	0.625	5.942363401e-7	0.00004721345571
3.068639426	0.625	7.415953432e-7	0.00005519521006
3.018639426	0.625	9.245271011e-7	0.00006448483334
2.968639426	0.625	1.151348486e-6	0.00007528875783
2.918639426	0.625	1.432249086e-6	0.00008784466073
2.868639426	0.625	1.779694992e-6	0.0001024260142
2.818639426	0.625	2.208916154e-6	0.0001193472978
2.768639426	0.625	2.738493564e-6	0.000138969973
2.718639426	0.625	3.39106635e-6	0.0001617093484
2.668639426	0.625	4.194183287e-6	0.0001880424922
2.618639426	0.625	5.181327046e-6	0.0002185173749
2.568639426	0.625	6.393148185e-6	0.0002537634901
2.518639426	0.625	7.878952855e-6	0.0002945042524
2.468639426	0.625	9.698497523e-6	0.0003415715473
2.418639426	0.625	0.00001192416254	0.0003959229538
2.368639426	0.625	0.00001464359095	0.0004586622888
2.318639426	0.625	0.00001796290864	0.0005310643707
2.268639426	0.625	0.00002201067343	0.0006146051688
2.218639426	0.625	0.00002694276453	0.0007109990628
2.168639426	0.625	0.00003294847511	0.0008222454251
2.118639426	0.625	0.00004025821886	0.0009506879575
2.068639426	0.625	0.00004915339314	0.001099091531
2.018639426	0.625	0.0000599792299	0.001270743744
1.968639426	0.625	0.00007316189042	0.001469592304
1.918639426	0.625	0.00008923177579	0.001700435698
1.868639426	0.625	0.0001088562009	0.001969195595
1.818639426	0.625	0.0001328869204	0.002283319979
1.768639426	0.625	0.0001624320831	0.002652403819
1.718639426	0.625	0.0001989708393	0.003089192094
1.668639426	0.625	0.0002445474425	0.00361129878
1.618639426	0.625	0.0003021263364	0.004244380386
1.568639426	0.625	0.0003763102386	0.005028596774
1.518639426	0.625	0.0004750069436	0.006033681211
1.468639426	0.625	0.0006141874822	0.007402104948
1.418639426	0.625	0.0008374593586	0.009526948994
1.368639426	0.625	0.001462183566	0.01528981664
3.818639426	0.65	2.343148186e-8	4.698673914e-6
3.768639426	0.65	2.959256155e-8	5.535169823e-6
3.718639426	0.65	3.734783453e-8	6.517657811e-6
3.668639426	0.65	4.710184665e-8	7.670982042e-6
3.618639426	0.65	5.935939687e-8	9.02408093e-6
3.568639426	0.65	7.474967203e-8	0.00001061063503
3.518639426	0.65	9.405598544e-8	0.00001246981231
3.468639426	0.65	1.182523843e-7	0.0000146471251
3.418639426	0.65	1.485485827e-7	0.0000171954135
3.368639426	0.65	1.864451288e-7	0.00002017597417
3.318639426	0.65	2.338009321e-7	0.00002365985405
3.268639426	0.65	2.92915816e-7	0.00002772933208
3.218639426	0.65	3.666313453e-7	0.00003247961595
3.168639426	0.65	4.584536211e-7	0.00003802078208
3.118639426	0.65	5.727027909e-7	0.00004447999522
3.068639426	0.65	7.146946125e-7	0.00005200404556
3.018639426	0.65	8.909607397e-7	0.00006076224917
2.968639426	0.65	1.109515622e-6	0.00007094976561
2.918639426	0.65	1.380179183e-6	0.00008279139137
2.868639426	0.65	1.714966864e-6	0.00009654590519
2.818639426	0.65	2.128560231e-6	0.0001125110484
2.768639426	0.65	2.640059379e-6	0.0001310501918
2.718639426	0.65	3.267743113e-6	0.0001524941907
2.668639426	0.65	4.041739884e-6	0.0001773584356
2.618639426	0.65	4.99317375e-6	0.0002061422067
2.568639426	0.65	6.161283801e-6	0.0002394436366
2.518639426	0.65	7.593683456e-6	0.0002779507477
2.468639426	0.65	9.348106422e-6	0.0003224555543
2.418639426	0.65	0.00001149452109	0.0003738707804
2.368639426	0.65	0.00001411770385	0.0004332498625
2.318639426	0.65	0.00001732038477	0.0005018111098
2.268639426	0.65	0.0000212271122	0.0005809672029
2.218639426	0.65	0.00002598904781	0.0006723617198
2.168639426	0.65	0.00003178995299	0.0007779149113
2.118639426	0.65	0.00003885378453	0.0008998821474
2.068639426	0.65	0.00004745442751	0.001040929686
2.018639426	0.65	0.00005792842024	0.001204235063
1.968639426	0.65	0.000070692497	0.001393627168
1.918639426	0.65	0.00008626380876	0.001613754278
1.868639426	0.65	0.0001052983778	0.001870395807
1.818639426	0.65	0.0001286326039	0.002170820661
1.768639426	0.65	0.000157358132	0.002524424329
1.718639426	0.65	0.0001929359425	0.00294372125
1.668639426	0.65	0.0002373908082	0.0034460536
1.618639426	0.65	0.0002936673872	0.004056747564
1.568639426	0.65	0.0003663510626	0.00481554268
1.518639426	0.65	0.0004633429361	0.005791601019
1.468639426	0.65	0.0006006478981	0.007126555274
1.418639426	0.65	0.0008221129556	0.00921227749
1.368639426	0.65	0.001449082308	0.01494073762
3.818639426	0.675	2.242160857e-8	4.390890619e-6
3.768639426	0.675	2.831565177e-8	5.17271205e-6
3.718639426	0.675	3.57343997e-8	6.091022551e-6
3.668639426	0.675	4.506467119e-8	7.169061137e-6
3.618639426	0.675	5.678912663e-8	8.433900071e-6
3.568639426	0.675	7.150933662e-8	9.917052392e-6
3.518639426	0.675	8.997422005e-8	0.00001165517138
3.468639426	0.675	1.131150169e-7	0.00001369085434
3.418639426	0.675	1.420882857e-7	0.00001607356657
3.368639426	0.675	1.783285948e-7	0.00001886070161
3.318639426	0.675	2.236131325e-7	0.00002211879739
3.268639426	0.675	2.801406523e-7	0.00002592493051
3.218639426	0.675	3.506278708e-7	0.00003036831244
3.168639426	0.675	4.384269736e-7	0.00003555211803
3.118639426	0.675	5.476686352e-7	0.00004159557755
3.068639426	0.675	6.834358351e-7	0.00004863637175
3.018639426	0.675	8.519746886e-7	0.00005683337086
2.968639426	0.675	1.060953233e-6	0.00006636980854
2.918639426	0.675	1.319754538e-6	0.00007745669153
2.868639426	0.675	1.639882774e-6	0.00009033728495
2.818639426	0.675	2.035382199e-6	0.0001052914745
2.768639426	0.675	2.523397911e-6	0.0001226413882
2.718639426	0.675	3.124829547e-6	0.0001427576324
2.668639426	0.675	3.865122576e-6	0.000166066538
2.618639426	0.675	4.775223695e-6	0.0001930585807
2.568639426	0.675	5.892732205e-6	0.0002242981874
2.518639426	0.675	7.26329208e-6	0.0002604352388
2.468639426	0.675	8.942277238e-6	0.0003022186362
2.418639426	0.675	0.0000109968352	0.000350512426
2.368639426	0.675	0.00001350838002	0.0004063151383
2.318639426	0.675	0.00001657563988	0.0004707831788
2.268639426	0.675	0.00002031841799	0.0005452595062
2.218639426	0.675	0.00002488225455	0.0006313091464
2.168639426	0.675	0.00003044427951	0.0007307638948
2.118639426	0.675	0.00003722062886	0.0008457793748
2.068639426	0.675	0.00004547597388	0.0009789084102
2.018639426	0.675	0.00005553612565	0.001133203709
1.968639426	0.675	0.00006780451212	0.001312342715
1.918639426	0.675	0.00008278524166	0.001520821743
1.868639426	0.675	0.000101115204	0.001764217477
1.818639426	0.675	0.000123610989	0.002049581378
1.768639426	0.675	0.0001513402133	0.002386046818
1.718639426	0.675	0.0001857353753	0.002785811241
1.668639426	0.675	0.0002287871232	0.003265821376
1.618639426	0.675	0.0002833864297	0.003850753776
1.568639426	0.675	0.0003541031212	0.004580032813
1.518639426	0.675	0.0004487347785	0.005521323684
1.468639426	0.675	0.0005832089815	0.006814475634
1.418639426	0.675	0.0008012757584	0.008847178067
1.368639426	0.675	0.001426007244	0.01450303506
3.818639426	0.7	2.125911371e-8	4.067429211e-6
3.768639426	0.7	2.68463219e-8	4.791796471e-6
3.718639426	0.7	3.387854711e-8	5.64266567e-6
3.668639426	0.7	4.272232022e-8	6.641588046e-6
3.618639426	0.7	5.383497588e-8	7.813673322e-6
3.568639426	0.7	6.77865097e-8	9.188154717e-6
3.518639426	0.7	8.528651647e-8	0.00001079903946
3.468639426	0.7	1.072173345e-7	0.00001268585742
3.418639426	0.7	1.346747785e-7	0.00001489452107
3.368639426	0.7	1.690181095e-7	0.00001747831364
3.318639426	0.7	2.119312094e-7	0.00002049902293
3.268639426	0.7	2.65497483e-7	0.0000240282423
3.218639426	0.7	3.322911958e-7	0.00002814886022
3.168639426	0.7	4.154889398e-7	0.00003295676955
3.118639426	0.7	5.19005302e-7	0.00003856282417
3.068639426	0.7	6.476577016e-7	0.00004509507947
3.018639426	0.7	8.073665467e-7	0.00005270136013
2.968639426	0.7	1.005397918e-6	0.00006155220351
2.918639426	0.7	1.250657588e-6	0.00007184423235
2.868639426	0.7	1.554044139e-6	0.00008380402938
2.818639426	0.7	1.928882502e-6	0.00009769259198
2.768639426	0.7	2.391437634e-6	0.0001138104606
2.718639426	0.7	2.961541037e-6	0.0001325036142
2.668639426	0.7	3.663348258e-6	0.0001541704367
2.618639426	0.7	4.526244806e-6	0.0001792695558
2.568639426	0.7	5.585949356e-6	0.0002083292534
2.518639426	0.7	6.885842825e-6	0.0002419583905
2.468639426	0.7	8.478582141e-6	0.0002808593567
2.418639426	0.7	0.00001042805898	0.0003258434914
2.368639426	0.7	0.00001281179348	0.0003778496169
2.318639426	0.7	0.00001580469918	0.0004394372191
2.268639426	0.7	0.00001927854188	0.0005074605367
2.218639426	0.7	0.00002361476956	0.000587809862
2.168639426	0.7	0.00002890184612	0.0006807477133
2.118639426	0.7	0.00003534661026	0.0007883176354
2.068639426	0.7	0.0000436703534	0.0009157431354
2.018639426	0.7	0.00005278281633	0.001057534956
1.968639426	0.7	0.00006447482275	0.001225597438
1.918639426	0.7	0.00007876426798	0.001421432509
1.868639426	0.7	0.00009626582419	0.001650386873
1.818639426	0.7	0.0001177693105	0.001919237989
1.768639426	0.7	0.0001443097332	0.002236786257
1.718639426	0.7	0.0001772799488	0.002614822907
1.668639426	0.7	0.0002186207282	0.003069771512
1.618639426	0.7	0.0002711670328	0.00362569769
1.568639426	0.7	0.0003393615875	0.004320584026
1.518639426	0.7	0.0004309306774	0.005221107711
1.468639426	0.7	0.0005615143152	0.006463392715
1.418639426	0.7	0.000774398789	0.008427819751
1.368639426	0.7	0.001455120385	0.01548583036
3.818639426	0.725	1.994092968e-8	3.729021114e-6
3.768639426	0.725	2.518069653e-8	4.393275926e-6
3.718639426	0.725	3.177538011e-8	5.173580379e-6
3.668639426	0.725	4.006860804e-8	6.089718042e-6
3.618639426	0.725	5.048913231e-8	7.164742731e-6
3.568639426	0.725	6.357131842e-8	8.425498676e-6
3.518639426	0.725	7.998040774e-8	9.903219968e-6
3.468639426	0.725	1.005435892e-7	0.00001163422009
3.418639426	0.725	1.262882205e-7	0.00001366068525
3.368639426	0.725	1.584886128e-7	0.00001603158585
3.318639426	0.725	1.987236298e-7	0.00001880372476
3.268639426	0.725	2.489463895e-7	0.00002204293235
3.218639426	0.725	3.115709324e-7	0.00002582545684
3.168639426	0.725	3.895759453e-7	0.00003023953318
3.118639426	0.725	4.866324845e-7	0.00003538720035
3.068639426	0.725	6.072644134e-7	0.00004138648739
3.018639426	0.725	7.570083645e-7	0.00004837325192
2.968639426	0.725	9.427304497e-7	0.00005650557902
2.918639426	0.725	1.17271706e-6	0.00006596352377
2.868639426	0.725	1.457461804e-6	0.0000769604794
2.818639426	0.725	1.808763514e-6	0.00008972597895
2.768639426	0.725	2.242608793e-6	0.0001045492035
2.718639426	0.725	2.777722927e-6	0.0001217510823
2.668639426	0.725	3.435925702e-6	0.0001416873764
2.618639426	0.725	4.245547675e-6	0.0001647932383
2.568639426	0.725	5.240315349e-6	0.0001915597667
2.518639426	0.725	6.460429188e-6	0.0002225439398
2.468639426	0.725	7.955859551e-6	0.0002584032187
2.418639426	0.725	9.787427675e-6	0.0002998995384
2.368639426	0.725	0.00001202549569	0.0003478758004
2.318639426	0.725	0.00001476213008	0.0004033853349
2.268639426	0.725	0.00001810431033	0.0004675994606
2.218639426	0.725	0.00002218209323	0.0005418880631
2.168639426	0.725	0.00002715637188	0.000627882864
2.118639426	0.725	0.00003322385643	0.0007275090019
2.068639426	0.725	0.00004062360181	0.0008430337643
2.018639426	0.725	0.0000496549553	0.0009772150879
1.968639426	0.725	0.00006068506458	0.001133352452
1.918639426	0.725	0.00007418183798	0.001315557964
1.868639426	0.725	0.00009072904341	0.001528866599
1.818639426	0.725	0.00011107228	0.001779678876
1.768639426	0.725	0.0001362246579	0.002076511257
1.718639426	0.725	0.0001692470611	0.002439384524
1.668639426	0.725	0.0002067878536	0.002857261657
1.618639426	0.725	0.0002568311134	0.003380259293
1.568639426	0.725	0.0003219340144	0.004035923835
1.518639426	0.725	0.0004096645803	0.004889164862
1.468639426	0.725	0.0005352251113	0.006071128789
1.418639426	0.725	0.0007409487031	0.007950693295
1.368639426	0.725	0.002770748733	0.05038900755
3.818639426	0.75	1.853765241e-8	3.37871496e-6
3.768639426	0.75	2.33226691e-8	3.978562505e-6
3.718639426	0.75	2.943430208e-8	4.68553206e-6
3.668639426	0.75	3.7102611e-8	5.515217692e-6
3.618639426	0.75	4.67503974e-8	6.489168879e-6
3.568639426	0.75	5.886221071e-8	7.631485487e-6
3.518639426	0.75	7.405387088e-8	8.970507625e-6
3.468639426	0.75	9.3091154e-8	0.00001053919153
3.418639426	0.75	1.169251113e-7	0.00001237583209
3.368639426	0.75	1.467368212e-7	0.0000145249196
3.318639426	0.75	1.839840735e-7	0.00001703796686
3.268639426	0.75	2.304793826e-7	0.0000199748617
3.218639426	0.75	2.884582808e-7	0.00002340489897
3.168639426	0.75	3.60742774e-7	0.00002740956166
3.118639426	0.75	4.505502671e-7	0.00003207805562
3.068639426	0.75	5.622238524e-7	0.00003752076312
3.018639426	0.75	7.008844799e-7	0.00004386118734
2.968639426	0.75	8.728311551e-7	0.00005124213994
2.918639426	0.75	1.085904052e-6	0.00005983046536
2.868639426	0.75	1.349780464e-6	0.00006981965921
2.818639426	0.75	1.675570007e-6	0.00008142137829
2.768639426	0.75	2.077043625e-6	0.00009488423806
2.718639426	0.75	2.576326592e-6	0.0001105687471
2.668639426	0.75	3.182534231e-6	0.0001286445483
2.618639426	0.75	3.933272502e-6	0.0001496672239
2.568639426	0.75	4.854600753e-6	0.0001740151628
2.518639426	0.75	5.98914041e-6	0.0002022631285
2.468639426	0.75	7.37315107e-6	0.0002348896321
2.418639426	0.75	9.070990054e-6	0.0002726933681
2.368639426	0.75	0.00001114902758	0.0003164532324
2.318639426	0.75	0.0000136913843	0.0003671219361
2.268639426	0.75	0.0000167902714	0.0004257034527
2.218639426	0.75	0.0000205859602	0.0004936484298
2.168639426	0.75	0.00002545913305	0.0005736956748
2.118639426	0.75	0.00003086135671	0.0006635417799
2.068639426	0.75	0.00003773227192	0.0007692335875
2.018639426	0.75	0.00004614152156	0.0008922768598
1.968639426	0.75	0.00005642335278	0.001035644329
1.918639426	0.75	0.00006900744434	0.001203093824
1.868639426	0.75	0.00008445334516	0.001399428425
1.818639426	0.75	0.00010348386	0.001630765051
1.768639426	0.75	0.000127017565	0.001904838928
1.718639426	0.75	0.0001563524984	0.002232480732
1.668639426	0.75	0.0001932526225	0.00262845676
1.618639426	0.75	0.0002403507194	0.003114811064
1.568639426	0.75	0.0003017720681	0.003726356585
1.518639426	0.75	0.0003846918856	0.004524024874
1.468639426	0.75	0.0005038733623	0.00563440904
1.418639426	0.75	0.0007004332242	0.007412852176
1.368639426	0.75	0.004234306915	0.09813590337
3.818639426	0.775	1.686292734e-8	3.013100075e-6
3.768639426	0.775	2.128588247e-8	3.549825031e-6
3.718639426	0.775	2.684273194e-8	4.180283138e-6
3.668639426	0.775	3.384461392e-8	4.920994297e-6
3.618639426	0.775	4.262598605e-8	5.789900311e-6
3.568639426	0.775	5.366819376e-8	6.809560086e-6
3.518639426	0.775	6.75181494e-8	8.004924072e-6
3.468639426	0.775	8.487396637e-8	9.405462208e-6
3.418639426	0.775	1.066028315e-7	0.0000110454269
3.368639426	0.775	1.337879626e-7	0.00001296477377
3.318639426	0.775	1.677394559e-7	0.00001520915065
3.268639426	0.775	2.101294588e-7	0.00001783262626
3.218639426	0.775	2.629916536e-7	0.0000208971395
3.168639426	0.775	3.290138637e-7	0.00002447845847
3.118639426	0.775	4.117387324e-7	0.0000286679068
3.068639426	0.775	5.132817221e-7	0.00003352640895
3.018639426	0.775	6.393334349e-7	0.00003918784683
2.968639426	0.775	7.967254239e-7	0.00004579843896
2.918639426	0.775	9.91003415e-7	0.00005348034406
2.868639426	0.775	1.232924602e-6	0.00006243692929
2.818639426	0.775	1.530430869e-6	0.00007282414395
2.768639426	0.775	1.894774351e-6	0.00008484818715
2.718639426	0.775	2.351455664e-6	0.00009891282428
2.668639426	0.775	2.90373615e-6	0.0001150932249
2.618639426	0.775	3.588583178e-6	0.00013393043
2.568639426	0.775	4.435329927e-6	0.000155818188
2.518639426	0.775	5.463957726e-6	0.000181082981
2.468639426	0.775	6.730628594e-6	0.000210395077
2.418639426	0.775	8.287716601e-6	0.0002444026584
2.368639426	0.775	0.00001018798168	0.0002837309121
2.318639426	0.775	0.00001250480096	0.0003292134476
2.268639426	0.775	0.00001534217101	0.000381941945
2.218639426	0.775	0.00001881913276	0.0004431729966
2.168639426	0.775	0.0000230454261	0.0005139509055
2.118639426	0.775	0.00002821474616	0.0005961883149
2.068639426	0.775	0.0000345301862	0.0006917712572
2.018639426	0.775	0.00004226847356	0.0008031452668
1.968639426	0.775	0.00005168742556	0.0009327255763
1.918639426	0.775	0.00006323623228	0.001084237952
1.868639426	0.775	0.00007762176406	0.001264022036
1.818639426	0.775	0.00009496439798	0.0014724893
1.768639426	0.775	0.000116910841	0.001726310725
1.718639426	0.775	0.0001437446216	0.002020610718
1.668639426	0.775	0.0001778779734	0.002382439657
1.618639426	0.775	0.0002215099853	0.002827782395
1.568639426	0.775	0.0002785383684	0.00338926618
1.518639426	0.775	0.0003557592262	0.004124256192
1.468639426	0.775	0.0004683083726	0.00516369163
1.418639426	0.775	0.0006517117235	0.006805665981
1.368639426	0.775	0.004415265493	0.1156424484
3.818639426	0.8	1.512345435e-8	2.638982854e-6
3.768639426	0.8	1.922138038e-8	3.112790621e-6
3.718639426	0.8	2.419184981e-8	3.664269426e-6
3.668639426	0.8	3.042865189e-8	4.312231908e-6
3.618639426	0.8	3.843763651e-8	5.080475788e-6
3.568639426	0.8	4.862478507e-8	5.982945886e-6
3.518639426	0.8	6.049447525e-8	7.013604454e-6
3.468639426	0.8	7.592729649e-8	8.239518657e-6
3.418639426	0.8	9.53652681e-8	9.677043173e-6
3.368639426	0.8	1.19677959e-7	0.00001135953805
3.318639426	0.8	1.500578574e-7	0.00001332757121
3.268639426	0.8	1.879809978e-7	0.00001562820588
3.218639426	0.8	2.352717531e-7	0.00001831600403
3.168639426	0.8	2.941826473e-7	0.00002145418811
3.118639426	0.8	3.675063698e-7	0.0000251162872
3.068639426	0.8	4.594554313e-7	0.00002940268743
3.018639426	0.8	5.731845767e-7	0.00003438768065
2.968639426	0.8	7.143526946e-7	0.00004019010732
2.918639426	0.8	8.872589006e-7	0.00004692507624
2.868639426	0.8	1.102795285e-6	0.00005477422592
2.818639426	0.8	1.369914065e-6	0.00006391828167
2.768639426	0.8	1.698860218e-6	0.00007452199012
2.718639426	0.8	2.102178382e-6	0.00008681408991
2.668639426	0.8	2.604790857e-6	0.0001011514726
2.618639426	0.8	3.219370378e-6	0.0001177341345
2.568639426	0.8	3.979210976e-6	0.0001370117107
2.518639426	0.8	4.905310251e-6	0.0001593004716
2.468639426	0.8	6.031964097e-6	0.0001850457317
2.418639426	0.8	7.428565489e-6	0.0002150315041
2.368639426	0.8	9.125138541e-6	0.0002496574234
2.318639426	0.8	0.00001121572643	0.0002899189537
2.268639426	0.8	0.00001376123085	0.0003364918321
2.218639426	0.8	0.00001688162656	0.0003905787804
2.168639426	0.8	0.00002074012311	0.0004534977731
2.118639426	0.8	0.00002533117947	0.000526064784
2.068639426	0.8	0.00004509325076	0.0006988169138
2.018639426	0.8	0.00003796068298	0.0007094740215
1.968639426	0.8	0.00004649361269	0.0008249219588
1.918639426	0.8	0.0001025567816	0.001230447158
1.868639426	0.8	0.00006972921989	0.001118367944
1.818639426	0.8	0.00008557443289	0.001305915564
1.768639426	0.8	0.0001053134298	0.001529846659
1.718639426	0.8	0.0006764334266	0.005876946003
1.668639426	0.8	0.0001607838708	0.002121168799
1.618639426	0.8	0.0002004945777	0.002521889035
1.568639426	0.8	0.000252531068	0.003028656669
1.518639426	0.8	0.0003232025565	0.003694319098
1.468639426	0.8	0.0004330420773	0.004665372675
1.418639426	0.8	0.0005957327626	0.006140158127
1.368639426	0.8	0.004526878717	0.1349223758