3.8186394259	0	-1.1236187e-9	-3.6949341e-7
3.7686394259	0	-1.4703152e-9	-4.5008723e-7
3.7186394259	0	-1.92154e-9	-5.4765363e-7
3.6686394259	0	-2.5078969e-9	-6.6559749e-7
3.6186394259	0	-3.2686126e-9	-8.0795938e-7
3.5686394259	0	-4.2538417e-9	-9.7952088e-7
3.5186394259	0	-5.5275416e-9	-1.1859234e-6
3.4686394259	0	-7.1710413e-9	-1.43380122e-6
3.4186394259	0	-9.2874484e-9	-1.7309285e-6
3.3686394259	0	-1.2007058e-8	-2.08638e-6
3.3186394259	0	-1.5493949e-8	-2.5107035e-6
3.2686394259	0	-1.9953966e-8	-3.0161019e-6
3.2186394259	0	-2.5644298e-8	-3.6166184e-6
3.1686394259	0	-3.2884859e-8	-4.3283205e-6
3.1186394259	0	-4.2071646e-8	-5.169469e-6
3.0686394259	0	-5.3692202e-8	-6.1606608e-6
3.0186394259	0	-6.8343206e-8	-7.3249227e-6
2.9686394259	0	-8.6750026e-8	-8.687732e-6
2.9186394259	0	-1.09787821e-7	-0.0000102769261
2.8686394259	0	-1.3850335e-7	-0.0000121224562
2.8186394259	0	-1.7413607e-7	-0.0000142559245
2.7686394259	0	-2.1813624e-7	-0.0000167098277
2.7186394259	0	-2.7217655e-7	-0.000019516409
2.6686394259	0	-3.3815216e-7	-0.000022705992
2.6186394259	0	-4.1816179e-7	-0.000026304648
2.5686394259	0	-5.1445943e-7	-0.000030330993
2.5186394259	0	-6.2936211e-7	-0.000034791884
2.4686394259	0	-7.6509398e-7	-0.000039676703
2.4186394259	0	-9.2353968e-7	-0.000044949885
2.3686394259	0	-1.1058707e-6	-0.000050541225
2.3186394259	0	-1.3119967e-6	-0.000056333426
2.2686394259	0	-1.5397782e-6	-0.000062146224
2.2186394259	0	-1.7839171e-6	-0.000067716295
2.1686394259	0	-2.0344166e-6	-0.000072671958
2.1186394259	0	-2.2744703e-6	-0.000076501503
2.0686394259	0	-2.4775993e-6	-0.000078513724
2.0186394259	0	-2.6038057e-6	-0.000077788931
1.9686394259	0	-2.5944464e-6	-0.00007311835
1.9186394259	0	-2.3654504e-6	-0.00006292939
1.8686394259	0	-1.7984014e-6	-0.00004519368
1.8186394259	0	-7.28879e-7	-0.00001731407
1.7686394259	0	1.068708e-6	0.00002401395
1.7186394259	0	3.900779e-6	0.00008297231
1.6686394259	0	8.17995e-6	0.00016482893
1.6186394259	0	0.00001445771	0.00027619389
1.5686394259	0	0.000023466393	0.00042533451
1.5186394259	0	0.000036173049	0.00062256387
1.4686394259	0	0.000053848535	0.00088072154
1.4186394259	0	0.000078156162	0.00121577062
1.3686394259	0	0.000111265567	0.00164754298
3.8186394259	0.025	-1.1204211e-9	-3.680228e-7
3.7686394259	0.025	-1.4657458e-9	-4.482084e-7
3.7186394259	0.025	-1.9150457e-9	-5.452573e-7
3.6686394259	0.025	-2.498714e-9	-6.625462e-7
3.6186394259	0.025	-3.255688e-9	-8.040811e-7
3.5686394259	0.025	-4.235735e-9	-9.746004e-7
3.5186394259	0.025	-5.502283e-9	-1.1796928e-6
3.4686394259	0.025	-7.135955e-9	-1.4259275e-6
3.4186394259	0.025	-9.238909e-9	-1.7209994e-6
3.3686394259	0.025	-1.194018e-8	-2.073887e-6
3.3186394259	0.025	-1.540217e-8	-2.495021e-6
3.2686394259	0.025	-1.982854e-8	-2.996465e-6
3.2186394259	0.025	-2.547357e-8	-3.592096e-6
3.1686394259	0.025	-3.265345e-8	-4.297782e-6
3.1186394259	0.025	-4.175932e-8	-5.131554e-6
3.0686394259	0.025	-5.327252e-8	-6.11374e-6
3.0186394259	0.025	-6.778188e-8	-7.267059e-6
2.9686394259	0.025	-8.600287e-8	-8.616642e-6
2.9186394259	0.025	-1.087984e-7	-0.000010189945
2.8686394259	0.025	-1.372002e-7	-0.000012016512
2.8186394259	0.025	-1.724299e-7	-0.00001412752
2.7686394259	0.025	-2.159165e-7	-0.00001655506
2.7186394259	0.025	-2.693088e-7	-0.00001933102
2.6686394259	0.025	-3.344759e-7	-0.00002248548
2.6186394259	0.025	-4.1349e-7	-0.00002604446
2.5686394259	0.025	-5.085813e-7	-0.00003002685
2.5186394259	0.025	-6.220512e-7	-0.00003444028
2.4686394259	0.025	-7.56125e-7	-0.00003927564
2.4186394259	0.025	-9.12719e-7	-0.00004449994
2.3686394259	0.025	-1.093087e-6	-0.00005004707
2.3186394259	0.025	-1.297302e-6	-0.00005580594
2.2686394259	0.025	-1.523519e-6	-0.0000616054
2.2186394259	0.025	-1.766922e-6	-0.00006719525
2.1686394259	0.025	-2.018289e-6	-0.0000722223
2.1186394259	0.025	-2.262005e-6	-0.0000762005
2.0686394259	0.025	-2.473392e-6	-0.0000784739
2.0186394259	0.025	-2.615122e-6	-0.0000781706
1.9686394259	0.025	-2.63244e-6	-0.0000741465
1.9186394259	0.025	-2.4469e-6	-0.0000649151
1.8686394259	0.025	-1.94807e-6	-0.0000485619
1.8186394259	0.025	-9.8279e-7	-0.0000226402
1.7686394259	0.025	6.5882e-7	0.0000159588
1.7186394259	0.025	3.26149e-6	0.000071163
1.6686394259	0.025	7.2083e-6	0.000147918
1.6186394259	0.025	0.0000130112	0.000252427
1.5686394259	0.025	0.0000213511	0.000392474
1.5186394259	0.025	0.0000331337	0.000577858
1.4686394259	0.025	0.0000495761	0.000821153
1.4186394259	0.025	0.000072426	0.00114001
1.3686394259	0.025	0.00010677	0.0015923
3.8186394259	0.05	-1.124049e-9	-3.668163e-7
3.7686394259	0.05	-1.470141e-9	-4.466545e-7
3.7186394259	0.05	-1.920316e-9	-5.432606e-7
3.6686394259	0.05	-2.504953e-9	-6.599865e-7
3.6186394259	0.05	-3.262963e-9	-8.008074e-7
3.5686394259	0.05	-4.244056e-9	-9.704238e-7
3.5186394259	0.05	-5.511567e-9	-1.1743771e-6
3.4686394259	0.05	-7.145967e-9	-1.419179e-6
3.4186394259	0.05	-9.24919e-9	-1.712454e-6
3.3686394259	0.05	-1.194992e-8	-2.063096e-6
3.3186394259	0.05	-1.541008e-8	-2.481432e-6
3.2686394259	0.05	-1.983263e-8	-2.979403e-6
3.2186394259	0.05	-2.547093e-8	-3.570736e-6
3.1686394259	0.05	-3.263986e-8	-4.271129e-6
3.1186394259	0.05	-4.172885e-8	-5.098409e-6
3.0686394259	0.05	-5.321704e-8	-6.072671e-6
3.0186394259	0.05	-6.769037e-8	-7.216368e-6
2.9686394259	0.05	-8.586078e-8	-8.554335e-6
2.9186394259	0.05	-1.085868e-7	-0.000010113706
2.8686394259	0.05	-1.368953e-7	-0.000011923683
2.8186394259	0.05	-1.720019e-7	-0.0000140151
2.7686394259	0.05	-2.153301e-7	-0.00001641974
2.7186394259	0.05	-2.685236e-7	-0.00001916922
2.6686394259	0.05	-3.334482e-7	-0.00002229348
2.6186394259	0.05	-4.121777e-7	-0.00002581862
2.5686394259	0.05	-5.069521e-7	-0.00002976391
2.5186394259	0.05	-6.200972e-7	-0.00003413783
2.4686394259	0.05	-7.53886e-7	-0.00003893287
2.4186394259	0.05	-9.1032e-7	-0.00004411859
2.3686394259	0.05	-1.090795e-6	-0.00004963289
2.3186394259	0.05	-1.295617e-6	-0.00005537061
2.2686394259	0.05	-1.523297e-6	-0.00006116922
2.2186394259	0.05	-1.76957e-6	-0.00006679071
2.1686394259	0.05	-2.026034e-6	-0.0000718989
2.1186394259	0.05	-2.278288e-6	-0.0000760311
2.0686394259	0.05	-2.503417e-6	-0.000078563
2.0186394259	0.05	-2.666629e-6	-0.0000786655
1.9686394259	0.05	-2.71678e-6	-0.0000752508
1.9186394259	0.05	-2.58046e-6	-0.0000669069
1.8686394259	0.05	-2.15431e-6	-0.0000518164
1.8186394259	0.05	-1.29483e-6	-0.000027657
1.7686394259	0.05	1.9471e-7	8.5216e-6
1.7186394259	0.05	2.58157e-6	0.000060451
1.6686394259	0.05	6.2261e-6	0.000132841
1.6186394259	0.05	0.0000116119	0.000231633
1.5686394259	0.05	0.0000193886	0.000364367
1.5186394259	0.05	0.000030437	0.000540786
1.4686394259	0.05	0.0000460005	0.000774196
1.4186394259	0.05	0.000068127	0.00108675
1.3686394259	0.05	0.00010541	0.0015838
3.8186394259	0.075	-1.134389e-9	-3.658631e-7
3.7686394259	0.075	-1.483348e-9	-4.454122e-7
3.7186394259	0.075	-1.937141e-9	-5.416471e-7
3.6686394259	0.075	-2.526333e-9	-6.578984e-7
3.6186394259	0.075	-3.290058e-9	-7.98114e-7
3.5686394259	0.075	-4.278295e-9	-9.66961e-7
3.5186394259	0.075	-5.554706e-9	-1.1699399e-6
3.4686394259	0.075	-7.200154e-9	-1.413512e-6
3.4186394259	0.075	-9.31704e-9	-1.70524e-6
3.3686394259	0.075	-1.20346e-8	-2.053942e-6
3.3186394259	0.075	-1.551544e-8	-2.469856e-6
3.2686394259	0.075	-1.996327e-8	-2.964815e-6
3.2186394259	0.075	-2.563238e-8	-3.552419e-6
3.1686394259	0.075	-3.283877e-8	-4.248216e-6
3.1186394259	0.075	-4.197318e-8	-5.069857e-6
3.0686394259	0.075	-5.351635e-8	-6.037238e-6
3.0186394259	0.075	-6.805623e-8	-7.172588e-6
2.9686394259	0.075	-8.630728e-8	-8.500494e-6
2.9186394259	0.075	-1.091314e-7	-0.000010047823
2.8686394259	0.075	-1.375598e-7	-0.000011843504
2.8186394259	0.075	-1.728147e-7	-0.00001391811
2.7686394259	0.075	-2.163283e-7	-0.00001630318
2.7186394259	0.075	-2.697572e-7	-0.00001903018
2.6686394259	0.075	-3.349866e-7	-0.00002212902
2.6186394259	0.075	-4.141186e-7	-0.00002562598
2.5686394259	0.075	-5.094357e-7	-0.00002954082
2.5186394259	0.075	-6.233264e-7	-0.000033883
2.4686394259	0.075	-7.58157e-7	-0.00003864663
2.4186394259	0.075	-9.16068e-7	-0.0000438039
2.3686394259	0.075	-1.098659e-6	-0.00004929662
2.3186394259	0.075	-1.30653e-6	-0.00005502539
2.2686394259	0.075	-1.538623e-6	-0.00006083586
2.2186394259	0.075	-1.791291e-6	-0.00006650147
2.1686394259	0.075	-2.057017e-6	-0.0000717018
2.1186394259	0.075	-2.322653e-6	-0.0000759956
2.0686394259	0.075	-2.567052e-6	-0.0000787874
2.0186394259	0.075	-2.757884e-6	-0.0000792862
1.9686394259	0.075	-2.84742e-6	-0.0000764541
1.9186394259	0.075	-2.76696e-6	-0.0000689441
1.8686394259	0.075	-2.41948e-6	-0.0000550217
1.8186394259	0.075	-1.67007e-6	-0.0000324693
1.7686394259	0.075	-3.3329e-7	1.5347e-6
1.7186394259	0.075	1.84351e-6	0.000050569
1.6686394259	0.075	5.20246e-6	0.000119171
1.6186394259	0.075	0.0000102062	0.000213116
1.5686394259	0.075	0.0000174839	0.000339853
1.5186394259	0.075	0.0000279099	0.000509315
1.4686394259	0.075	0.0000427813	0.00073595
1.4186394259	0.075	0.000064469	0.00104699
1.3686394259	0.075	0.00010437	0.0015897
3.8186394259	0.1	-1.151331e-9	-3.651471e-7
3.7686394259	0.1	-1.505218e-9	-4.44462e-7
3.7186394259	0.1	-1.965327e-9	-5.403936e-7
3.6686394259	0.1	-2.562594e-9	-6.562536e-7
3.6186394259	0.1	-3.336625e-9	-7.959667e-7
3.5686394259	0.1	-4.337989e-9	-9.641711e-7
3.5186394259	0.1	-5.631087e-9	-1.1663315e-6
3.4686394259	0.1	-7.297704e-9	-1.408866e-6
3.4186394259	0.1	-9.44139e-9	-1.699283e-6
3.3686394259	0.1	-1.219282e-8	-2.046337e-6
3.3186394259	0.1	-1.571637e-8	-2.460189e-6
3.2686394259	0.1	-2.021798e-8	-2.952578e-6
3.2186394259	0.1	-2.595469e-8	-3.536996e-6
3.1686394259	0.1	-3.324593e-8	-4.228863e-6
3.1186394259	0.1	-4.248674e-8	-5.045684e-6
3.0686394259	0.1	-5.41632e-8	-6.007187e-6
3.0186394259	0.1	-6.887001e-8	-7.135417e-6
2.9686394259	0.1	-8.733013e-8	-8.45476e-6
2.9186394259	0.1	-1.104163e-7	-9.991872e-6
2.8686394259	0.1	-1.391736e-7	-0.000011775473
2.8186394259	0.1	-1.748421e-7	-0.00001383595
2.7686394259	0.1	-2.188776e-7	-0.00001620469
2.7186394259	0.1	-2.729675e-7	-0.00001891311
2.6686394259	0.1	-3.390382e-7	-0.00002199119
2.6186394259	0.1	-4.192469e-7	-0.0000254655
2.5686394259	0.1	-5.159508e-7	-0.00002935642
2.5186394259	0.1	-6.316405e-7	-0.00003367449
2.4686394259	0.1	-7.68822e-7	-0.00003841557
2.4186394259	0.1	-9.29828e-7	-0.0000435545
2.3686394259	0.1	-1.116523e-6	-0.000049037
2.3186394259	0.1	-1.329875e-6	-0.00005476929
2.2686394259	0.1	-1.569333e-6	-0.00006060491
2.2186394259	0.1	-1.831952e-6	-0.00006632819
2.1686394259	0.1	-2.111178e-6	-0.0000716335
2.1186394259	0.1	-2.395193e-6	-0.0000760995
2.0686394259	0.1	-2.664663e-6	-0.0000791571
2.0186394259	0.1	-2.889734e-6	-0.0000800498
1.9686394259	0.1	-3.02602e-6	-0.0000777845
1.9186394259	0.1	-3.00932e-6	-0.0000710714
1.8686394259	0.1	-2.74861e-6	-0.0000582482
1.8186394259	0.1	-2.11685e-6	-0.0000371859
1.7686394259	0.1	-9.3879e-7	-5.1695e-6
1.7186394259	0.1	1.02533e-6	0.0000412582
1.6686394259	0.1	4.10207e-6	0.000106508
1.6186394259	0.1	8.7368e-6	0.000196254
1.5686394259	0.1	0.0000155434	0.000317945
1.5186394259	0.1	0.0000253954	0.000481823
1.4686394259	0.1	0.0000396424	0.00070361
1.4186394259	0.1	0.000060926	0.00101545
1.3686394259	0.1	0.00010257	0.0016005
3.8186394259	0.125	-1.174762e-9	-3.646477e-7
3.7686394259	0.125	-1.535605e-9	-4.437789e-7
3.7186394259	0.125	-2.004679e-9	-5.394696e-7
3.6686394259	0.125	-2.613482e-9	-6.550155e-7
3.6186394259	0.125	-3.402334e-9	-7.943215e-7
3.5686394259	0.125	-4.422706e-9	-9.620011e-7
3.5186394259	0.125	-5.740145e-9	-1.1634887e-6
3.4686394259	0.125	-7.43788e-9	-1.405165e-6
3.4186394259	0.125	-9.62128e-9	-1.694493e-6
3.3686394259	0.125	-1.242333e-8	-2.040174e-6
3.3186394259	0.125	-1.601127e-8	-2.452302e-6
3.2686394259	0.125	-2.059468e-8	-2.942539e-6
3.2186394259	0.125	-2.643519e-8	-3.524286e-6
3.1686394259	0.125	-3.385793e-8	-4.212857e-6
3.1186394259	0.125	-4.326516e-8	-5.025637e-6
3.0686394259	0.125	-5.515203e-8	-5.982221e-6
3.0186394259	0.125	-7.012467e-8	-7.104506e-6
2.9686394259	0.125	-8.892047e-8	-8.416724e-6
2.9186394259	0.125	-1.124304e-7	-9.945377e-6
2.8686394259	0.125	-1.417229e-7	-0.000011719042
2.8186394259	0.125	-1.780674e-7	-0.00001376799
2.7686394259	0.125	-2.229578e-7	-0.00001612356
2.7186394259	0.125	-2.781303e-7	-0.00001881719
2.6686394259	0.125	-3.455744e-7	-0.00002187908
2.6186394259	0.125	-4.2753e-7	-0.00002533618
2.5686394259	0.125	-5.264618e-7	-0.00002920964
2.5186394259	0.125	-6.450025e-7	-0.00003351121
2.4686394259	0.125	-7.85846e-7	-0.00003823859
2.4186394259	0.125	-9.51574e-7	-0.00004336939
2.3686394259	0.125	-1.144384e-6	-0.0000488533
2.3186394259	0.125	-1.365689e-6	-0.00005460209
2.2686394259	0.125	-1.615534e-6	-0.00006047703
2.2186394259	0.125	-1.891772e-6	-0.00006627293
2.1686394259	0.125	-2.188925e-6	-0.0000716983
2.1186394259	0.125	-2.496608e-6	-0.0000763505
2.0686394259	0.125	-2.797411e-6	-0.0000796849
2.0186394259	0.125	-3.064044e-6	-0.0000809768
1.9686394259	0.125	-3.25553e-6	-0.000079274
1.9186394259	0.125	-3.31215e-6	-0.0000733379
1.8686394259	0.125	-3.14877e-6	-0.0000615698
1.8186394259	0.125	-2.646e-6	-0.0000419178
1.7686394259	0.125	-1.63833e-6	-0.0000117568
1.7186394259	0.125	1.0182e-7	0.0000322713
1.6686394259	0.125	2.88639e-6	0.000094482
1.6186394259	0.125	7.1445e-6	0.000180487
1.5686394259	0.125	0.0000134751	0.000297784
1.5186394259	0.125	0.0000227471	0.000456971
1.4686394259	0.125	0.000036345	0.00067502
1.4186394259	0.125	0.000057088	0.00098852
1.3686394259	0.125	0.00009929	0.0016106
3.8186394259	0.15	-1.204563e-9	-3.643387e-7
3.7686394259	0.15	-1.574354e-9	-4.433317e-7
3.7186394259	0.15	-2.054996e-9	-5.388377e-7
3.6686394259	0.15	-2.678736e-9	-6.541391e-7
3.6186394259	0.15	-3.486846e-9	-7.931243e-7
3.5686394259	0.15	-4.532012e-9	-9.603863e-7
3.5186394259	0.15	-5.881322e-9	-1.1613341e-6
3.4686394259	0.15	-7.619968e-9	-1.402317e-6
3.4186394259	0.15	-9.8558e-9	-1.690762e-6
3.3686394259	0.15	-1.272496e-8	-2.035322e-6
3.3186394259	0.15	-1.639866e-8	-2.446041e-6
3.2686394259	0.15	-2.109154e-8	-2.934514e-6
3.2186394259	0.15	-2.707155e-8	-3.514072e-6
3.1686394259	0.15	-3.467186e-8	-4.199943e-6
3.1186394259	0.15	-4.430486e-8	-5.009419e-6
3.0686394259	0.15	-5.647845e-8	-5.961992e-6
3.0186394259	0.15	-7.181489e-8	-7.079451e-6
2.9686394259	0.15	-9.107192e-8	-8.38592e-6
2.9186394259	0.15	-1.151663e-7	-9.907801e-6
2.8686394259	0.15	-1.451989e-7	-0.000011673594
2.8186394259	0.15	-1.824808e-7	-0.00001371353
2.7686394259	0.15	-2.285582e-7	-0.00001605899
2.7186394259	0.15	-2.852347e-7	-0.00001874156
2.6686394259	0.15	-3.545857e-7	-0.00002179172
2.6186394259	0.15	-4.389612e-7	-0.000025237
2.5686394259	0.15	-5.409684e-7	-0.00002909942
2.5186394259	0.15	-6.634237e-7	-0.00003339208
2.4686394259	0.15	-8.0926e-7	-0.00003811472
2.4186394259	0.15	-9.81369e-7	-0.00004324782
2.3686394259	0.15	-1.182356e-6	-0.00004874513
2.3186394259	0.15	-1.414165e-6	-0.00005452408
2.2686394259	0.15	-1.677538e-6	-0.00006045355
2.2186394259	0.15	-1.971248e-6	-0.00006633868
2.1686394259	0.15	-2.291023e-6	-0.0000719016
2.1186394259	0.15	-2.628069e-6	-0.0000767576
2.0686394259	0.15	-2.967064e-6	-0.0000803853
2.0186394259	0.15	-3.283459e-6	-0.0000820899
1.9686394259	0.15	-3.53986e-6	-0.0000809569
1.9186394259	0.15	-3.68125e-6	-0.0000757946
1.8686394259	0.15	-3.62854e-6	-0.000065062
1.8186394259	0.15	-3.27015e-6	-0.0000467758
1.7686394259	0.15	-2.4505e-6	-0.0000183896
1.7186394259	0.15	-9.5444e-7	0.0000233711
1.6686394259	0.15	1.51483e-6	0.000082744
1.6186394259	0.15	5.3688e-6	0.000165303
1.5686394259	0.15	0.0000111879	0.000278611
1.5186394259	0.15	0.000019827	0.00043362
1.4686394259	0.15	0.000032673	0.00064844
1.4186394259	0.15	0.000052605	0.00096349
1.3686394259	0.15	0.00009386	0.0016164
3.8186394259	0.175	-1.240599e-9	-3.641892e-7
3.7686394259	0.175	-1.621288e-9	-4.430829e-7
3.7186394259	0.175	-2.116053e-9	-5.384528e-7
3.6686394259	0.175	-2.758069e-9	-6.535705e-7
3.6186394259	0.175	-3.589795e-9	-7.923107e-7
3.5686394259	0.175	-4.665438e-9	-9.592496e-7
3.5186394259	0.175	-6.054025e-9	-1.1597756e-6
3.4686394259	0.175	-7.843217e-9	-1.400213e-6
3.4186394259	0.175	-1.014401e-8	-1.687958e-6
3.3686394259	0.175	-1.309654e-8	-2.031628e-6
3.3186394259	0.175	-1.68771e-8	-2.441222e-6
3.2686394259	0.175	-2.170673e-8	-2.92829e-6
3.2186394259	0.175	-2.786156e-8	-3.506103e-6
3.1686394259	0.175	-3.568504e-8	-4.189827e-6
3.1186394259	0.175	-4.560261e-8	-4.996685e-6
3.0686394259	0.175	-5.813865e-8	-5.946099e-6
3.0186394259	0.175	-7.393624e-8	-7.059787e-6
2.9686394259	0.175	-9.377946e-8	-8.361811e-6
2.9186394259	0.175	-1.186184e-7	-9.878529e-6
2.8686394259	0.175	-1.49596e-7	-0.000011638431
2.8186394259	0.175	-1.880767e-7	-0.00001367179
2.7686394259	0.175	-2.356746e-7	-0.00001601011
2.7186394259	0.175	-2.94279e-7	-0.00001868523
2.6686394259	0.175	-3.660749e-7	-0.00002172807
2.6186394259	0.175	-4.535517e-7	-0.00002516684
2.5686394259	0.175	-5.594949e-7	-0.0000290246
2.5186394259	0.175	-6.869493e-7	-0.000033316
2.4686394259	0.175	-8.39141e-7	-0.00003804296
2.4186394259	0.175	-1.01934e-6	-0.00004318903
2.3686394259	0.175	-1.230638e-6	-0.00004871222
2.3186394259	0.175	-1.475608e-6	-0.0000545357
2.2686394259	0.175	-1.75581e-6	-0.0000605361
2.2186394259	0.175	-2.071075e-6	-0.0000665288
2.1686394259	0.175	-2.418503e-6	-0.0000722494
2.1186394259	0.175	-2.791087e-6	-0.0000773308
2.0686394259	0.175	-3.175826e-6	-0.000081274
2.0186394259	0.175	-3.55118e-6	-0.0000834126
1.9686394259	0.175	-3.88367e-6	-0.0000828682
1.9186394259	0.175	-4.1233e-6	-0.0000784931
1.8686394259	0.175	-4.19754e-6	-0.0000688
1.8186394259	0.175	-4.00314e-6	-0.0000518686
1.7686394259	0.175	-3.39524e-6	-0.0000252241
1.7186394259	0.175	-2.17223e-6	0.0000143326
1.6686394259	0.175	-5.429e-8	0.000070972
1.6186394259	0.175	3.3491e-6	0.000150235
1.5686394259	0.175	8.5929e-6	0.000259748
1.5186394259	0.175	0.000016501	0.00041077
1.4686394259	0.175	0.000028423	0.00062239
1.4186394259	0.175	0.000047157	0.00093819
1.3686394259	0.175	0.00008568	0.0016145
3.8186394259	0.2	-1.282708e-9	-3.641626e-7
3.7686394259	0.2	-1.676204e-9	-4.429886e-7
3.7186394259	0.2	-2.187587e-9	-5.382623e-7
3.6686394259	0.2	-2.851143e-9	-6.532464e-7
3.6186394259	0.2	-3.710752e-9	-7.91805e-7
3.5686394259	0.2	-4.822442e-9	-9.585007e-7
3.5186394259	0.2	-6.25757e-9	-1.1587056e-6
3.4686394259	0.2	-8.106771e-9	-1.398724e-6
3.4186394259	0.2	-1.048484e-8	-1.685929e-6
3.3686394259	0.2	-1.353674e-8	-2.02891e-6
3.3186394259	0.2	-1.744493e-8	-2.437635e-6
3.2686394259	0.2	-2.243827e-8	-2.923615e-6
3.2186394259	0.2	-2.880279e-8	-3.500083e-6
3.1686394259	0.2	-3.689458e-8	-4.182162e-6
3.1186394259	0.2	-4.715501e-8	-4.987032e-6
3.0686394259	0.2	-6.012869e-8	-5.934074e-6
3.0186394259	0.2	-7.648428e-8	-7.044973e-6
2.9686394259	0.2	-9.703826e-8	-8.343775e-6
2.9186394259	0.2	-1.227817e-7	-9.856851e-6
2.8686394259	0.2	-1.549094e-7	-0.000011612744
2.8186394259	0.2	-1.948516e-7	-0.00001364185
2.7686394259	0.2	-2.443054e-7	-0.0000159759
2.7186394259	0.2	-3.052657e-7	-0.00001864709
2.6686394259	0.2	-3.800512e-7	-0.00002168692
2.6186394259	0.2	-4.713216e-7	-0.00002512442
2.5686394259	0.2	-5.820788e-7	-0.00002898388
2.5186394259	0.2	-7.156433e-7	-0.00003328168
2.4686394259	0.2	-8.75593e-7	-0.00003802213
2.4186394259	0.2	-1.065649e-6	-0.00004319212
2.3686394259	0.2	-1.289478e-6	-0.0000487541
2.3186394259	0.2	-1.550394e-6	-0.00005463725
2.2686394259	0.2	-1.850907e-6	-0.00006072615
2.2186394259	0.2	-2.192068e-6	-0.0000668466
2.1686394259	0.2	-2.572554e-6	-0.0000727478
2.1186394259	0.2	-2.987383e-6	-0.0000780798
2.0686394259	0.2	-3.42617e-6	-0.0000823662
2.0186394259	0.2	-3.870748e-6	-0.0000849683
1.9686394259	0.2	-4.29198e-6	-0.0000850425
1.9186394259	0.2	-4.6455e-6	-0.0000814839
1.8686394259	0.2	-4.86599e-6	-0.0000728566
1.8186394259	0.2	-4.85952e-6	-0.0000573007
1.7686394259	0.2	-4.49322e-6	-0.0000324095
1.7186394259	0.2	-3.58096e-6	4.9439e-6
1.6686394259	0.2	-1.86298e-6	0.000058864
1.6186394259	0.2	1.0249e-6	0.000134855
1.5686394259	0.2	5.6025e-6	0.00024058
1.5186394259	0.2	0.000012642	0.00038756
1.4686394259	0.2	0.000023405	0.00059562
1.4186394259	0.2	0.000040443	0.00091079
1.3686394259	0.2	0.00007412	0.0016023
3.8186394259	0.225	-1.330694e-9	-3.64217e-7
3.7686394259	0.225	-1.738846e-9	-4.429983e-7
3.7186394259	0.225	-2.269275e-9	-5.382054e-7
3.6686394259	0.225	-2.957548e-9	-6.530941e-7
3.6186394259	0.225	-3.849196e-9	-7.9152e-7
3.5686394259	0.225	-5.002365e-9	-9.580354e-7
3.5186394259	0.225	-6.491125e-9	-1.1579998e-6
3.4686394259	0.225	-8.409587e-9	-1.397703e-6
3.4186394259	0.225	-1.087699e-8	-1.6845e-6
3.3686394259	0.225	-1.404395e-8	-2.026961e-6
3.3186394259	0.225	-1.810017e-8	-2.435032e-6
3.2686394259	0.225	-2.328371e-8	-2.9202e-6
3.2186394259	0.225	-2.989232e-8	-3.495673e-6
3.1686394259	0.225	-3.829696e-8	-4.176551e-6
3.1186394259	0.225	-4.895791e-8	-4.979996e-6
3.0686394259	0.225	-6.244375e-8	-5.925375e-6
3.0186394259	0.225	-7.945356e-8	-7.034382e-6
2.9686394259	0.225	-1.008423e-7	-8.331091e-6
2.9186394259	0.225	-1.276499e-7	-9.841939e-6
2.8686394259	0.225	-1.611331e-7	-0.000011595593
2.8186394259	0.225	-2.028002e-7	-0.00001362266
2.7686394259	0.225	-2.544476e-7	-0.00001595518
2.7186394259	0.225	-3.181959e-7	-0.00001862584
2.6686394259	0.225	-3.965232e-7	-0.00002166682
2.6186394259	0.225	-4.922914e-7	-0.0000251082
2.5686394259	0.225	-6.087591e-7	-0.00002897565
2.5186394259	0.225	-7.49573e-7	-0.00003328749
2.4686394259	0.225	-9.18727e-7	-0.00003805071
2.4186394259	0.225	-1.120469e-6	-0.00004325576
2.3686394259	0.225	-1.359143e-6	-0.00004886988
2.3186394259	0.225	-1.638922e-6	-0.00005482856
2.2686394259	0.225	-1.963419e-6	-0.00006102467
2.2186394259	0.225	-2.335094e-6	-0.00006729476
2.1686394259	0.225	-2.754429e-6	-0.0000734018
2.1186394259	0.225	-3.218761e-6	-0.0000790137
2.0686394259	0.225	-3.720679e-6	-0.0000836762
2.0186394259	0.225	-4.245842e-6	-0.0000867788
1.9686394259	0.225	-4.77004e-6	-0.0000875124
1.9186394259	0.225	-5.25524e-6	-0.0000848147
1.8686394259	0.225	-5.64432e-6	-0.0000773005
1.8186394259	0.225	-5.85398e-6	-0.0000631702
1.7686394259	0.225	-5.76517e-6	-0.0000400851
1.7186394259	0.225	-5.20995e-6	-4.9917e-6
1.6686394259	0.225	-3.95279e-6	0.000046144
1.6186394259	0.225	-1.6628e-6	0.000118772
1.5686394259	0.225	2.1318e-6	0.00022057
1.5186394259	0.225	8.127e-6	0.00036319
1.4686394259	0.225	0.000017433	0.00056703
1.4186394259	0.225	0.000032172	0.00087971
1.3686394259	0.225	0.00005854	0.0015772
3.8186394259	0.25	-1.384311e-9	-3.643044e-7
3.7686394259	0.25	-1.808902e-9	-4.430544e-7
3.7186394259	0.25	-2.360714e-9	-5.382128e-7
3.6686394259	0.25	-3.076769e-9	-6.530305e-7
3.6186394259	0.25	-4.004472e-9	-7.913562e-7
3.5686394259	0.25	-5.204376e-9	-9.577347e-7
3.5186394259	0.25	-6.753643e-9	-1.1575163e-6
3.4686394259	0.25	-8.750347e-9	-1.39698e-6
3.4186394259	0.25	-1.13188e-8	-1.68347e-6
3.3686394259	0.25	-1.461612e-8	-2.025543e-6
3.3186394259	0.25	-1.884028e-8	-2.433132e-6
3.2686394259	0.25	-2.423994e-8	-2.917712e-6
3.2186394259	0.25	-3.112633e-8	-3.492481e-6
3.1686394259	0.25	-3.988758e-8	-4.172534e-6
3.1186394259	0.25	-5.10058e-8	-4.975038e-6
3.0686394259	0.25	-6.507735e-8	-5.919379e-6
3.0186394259	0.25	-8.283654e-8	-7.027289e-6
2.9686394259	0.25	-1.051831e-7	-8.322919e-6
2.9186394259	0.25	-1.332137e-7	-9.832828e-6
2.8686394259	0.25	-1.68257e-7	-0.000011585875
2.8186394259	0.25	-2.119127e-7	-0.00001361295
2.7686394259	0.25	-2.660927e-7	-0.00001594652
2.7186394259	0.25	-3.330644e-7	-0.00001861988
2.6686394259	0.25	-4.154917e-7	-0.00002166606
2.6186394259	0.25	-5.164722e-7	-0.0000251163
2.5686394259	0.25	-6.395638e-7	-0.0000289979
2.5186394259	0.25	-7.887932e-7	-0.00003333137
2.4686394259	0.25	-9.68637e-7	-0.00003812663
2.4186394259	0.25	-1.183957e-6	-0.00004337803
2.3686394259	0.25	-1.439877e-6	-0.00004905795
2.3186394259	0.25	-1.741569e-6	-0.00005510862
2.2686394259	0.25	-2.093911e-6	-0.00006143164
2.2186394259	0.25	-2.500987e-6	-0.00006787479
2.1686394259	0.25	-2.965349e-6	-0.0000742155
2.1186394259	0.25	-3.486986e-6	-0.0000801398
2.0686394259	0.25	-4.061886e-6	-0.0000852164
2.0186394259	0.25	-4.680072e-6	-0.0000888635
1.9686394259	0.25	-5.32295e-6	-0.0000903073
1.9186394259	0.25	-5.95975e-6	-0.0000885287
1.8686394259	0.25	-6.54275e-6	-0.0000821946
1.8186394259	0.25	-7.00091e-6	-0.0000695669
1.7686394259	0.25	-7.23137e-6	-0.0000483782
1.7186394259	0.25	-7.08777e-6	-0.000015654
1.6686394259	0.25	-6.3641e-6	0.000032557
1.6186394259	0.25	-4.7714e-6	0.000101633
1.5686394259	0.25	-1.9014e-6	0.000199209
1.5186394259	0.25	2.835e-6	0.00033699
1.4686394259	0.25	0.00001033	0.00053562
1.4186394259	0.25	0.000022059	0.00084353
1.3686394259	0.25	0.00003825	0.0015368
3.8186394259	0.275	-1.443252e-9	-3.643709e-7
3.7686394259	0.275	-1.885975e-9	-4.430919e-7
3.7186394259	0.275	-2.461396e-9	-5.382066e-7
3.6686394259	0.275	-3.208158e-9	-6.529617e-7
3.6186394259	0.275	-4.175753e-9	-7.912012e-7
3.5686394259	0.275	-5.427423e-9	-9.574641e-7
3.5186394259	0.275	-7.043789e-9	-1.1570944e-6
3.4686394259	0.275	-9.127364e-9	-1.396364e-6
3.4186394259	0.275	-1.180816e-8	-1.682611e-6
3.3686394259	0.275	-1.525058e-8	-2.024385e-6
3.3186394259	0.275	-1.966195e-8	-2.431614e-6
3.2686394259	0.275	-2.530285e-8	-2.915771e-6
3.2186394259	0.275	-3.249976e-8	-3.490059e-6
3.1686394259	0.275	-4.166024e-8	-4.169586e-6
3.1186394259	0.275	-5.329116e-8	-4.971542e-6
3.0686394259	0.275	-6.802044e-8	-5.915362e-6
3.0186394259	0.275	-8.662248e-8	-7.022854e-6
2.9686394259	0.275	-1.100481e-7	-8.318286e-6
2.9186394259	0.275	-1.394586e-7	-9.828394e-6
2.8686394259	0.275	-1.76265e-7	-0.000011582297
2.8186394259	0.275	-2.221714e-7	-0.00001361126
2.7686394259	0.275	-2.792223e-7	-0.00001594827
2.7186394259	0.275	-3.498532e-7	-0.00001862734
2.6686394259	0.275	-4.369415e-7	-0.00002168252
2.6186394259	0.275	-5.438556e-7	-0.0000251464
2.5686394259	0.275	-6.744969e-7	-0.00002904812
2.5186394259	0.275	-8.333288e-7	-0.00003341064
2.4686394259	0.275	-1.025382e-6	-0.0000382471
2.4186394259	0.275	-1.256223e-6	-0.00004355614
2.3686394259	0.275	-1.531872e-6	-0.0000493157
2.3186394259	0.275	-1.858641e-6	-0.00005547522
2.2686394259	0.275	-2.242863e-6	-0.0000619456
2.2186394259	0.275	-2.690475e-6	-0.00006858653
2.1686394259	0.275	-3.206399e-6	-0.0000751905
2.1186394259	0.275	-3.793653e-6	-0.0000814627
2.0686394259	0.275	-4.452108e-6	-0.0000869958
2.0186394259	0.275	-5.176777e-6	-0.0000912377
1.9686394259	0.275	-5.9555e-6	-0.0000934514
1.9186394259	0.275	-6.76583e-6	-0.0000926628
1.8686394259	0.275	-7.5709e-6	-0.0000875934
1.8186394259	0.275	-8.31394e-6	-0.0000765701
1.7686394259	0.275	-8.91103e-6	-0.0000574021
1.7186394259	0.275	-9.24153e-6	-0.0000272031
1.6686394259	0.275	-9.1353e-6	0.000017881
1.6186394259	0.275	-8.3555e-6	0.000083123
1.5686394259	0.275	-6.5753e-6	0.000176061
1.5186394259	0.275	-3.347e-6	0.00030832
1.4686394259	0.275	1.923e-6	0.00050053
1.4186394259	0.275	9.826e-6	0.000801
1.3686394259	0.275	0.00001257	0.0014788
3.8186394259	0.3	-1.507134e-9	-3.643564e-7
3.7686394259	0.3	-1.969573e-9	-4.430381e-7
3.7186394259	0.3	-2.570687e-9	-5.380992e-7
3.6686394259	0.3	-3.350898e-9	-6.527827e-7
3.6186394259	0.3	-4.361993e-9	-7.909289e-7
3.5686394259	0.3	-5.670172e-9	-9.570724e-7
3.5186394259	0.3	-7.359864e-9	-1.1565532e-6
3.4686394259	0.3	-9.538481e-9	-1.395639e-6
3.4186394259	0.3	-1.234233e-8	-1.681665e-6
3.3686394259	0.3	-1.594389e-8	-2.02318e-6
3.3186394259	0.3	-2.056084e-8	-2.430113e-6
3.2686394259	0.3	-2.646702e-8	-2.913947e-6
3.2186394259	0.3	-3.400586e-8	-3.487899e-6
3.1686394259	0.3	-4.360658e-8	-4.167104e-6
3.1186394259	0.3	-5.580372e-8	-4.968802e-6
3.0686394259	0.3	-7.126044e-8	-5.912497e-6
3.0186394259	0.3	-9.079613e-8	-7.020109e-6
2.9686394259	0.3	-1.154188e-7	-8.316063e-6
2.9186394259	0.3	-1.463626e-7	-9.827328e-6
2.8686394259	0.3	-1.851313e-7	-0.000011583347
2.8186394259	0.3	-2.335467e-7	-0.00001361584
2.7686394259	0.3	-2.93803e-7	-0.00001595842
2.7186394259	0.3	-3.685259e-7	-0.00001864596
2.6686394259	0.3	-4.608343e-7	-0.00002171366
2.6186394259	0.3	-5.744036e-7	-0.00002519565
2.5686394259	0.3	-7.13525e-7	-0.00002912316
2.5186394259	0.3	-8.831573e-7	-0.00003352184
2.4686394259	0.3	-1.08896e-6	-0.00003840844
2.4186394259	0.3	-1.337302e-6	-0.00004378623
2.3686394259	0.3	-1.635222e-6	-0.00004963921
2.3186394259	0.3	-1.990327e-6	-0.0000559246
2.2686394259	0.3	-2.410604e-6	-0.00006256324
2.2186394259	0.3	-2.904098e-6	-0.00006942752
2.1686394259	0.3	-3.478427e-6	-0.000076326
2.1186394259	0.3	-4.140056e-6	-0.000082984
2.0686394259	0.3	-4.893282e-6	-0.0000890195
2.0186394259	0.3	-5.738812e-6	-0.0000939119
1.9686394259	0.3	-6.67184e-6	-0.000096963
1.9186394259	0.3	-7.67949e-6	-0.0000972463
1.8686394259	0.3	-8.73739e-6	-0.0000935415
1.8186394259	0.3	-9.80534e-6	-0.0000842458
1.7686394259	0.3	-0.00001082164	-0.000067253
1.7186394259	0.3	-0.0000116962	-0.000039777
1.6686394259	0.3	-0.0000123019	1.918e-6
1.6186394259	0.3	-0.0000124659	0.000062965
1.5686394259	0.3	-0.0000119634	0.000150739
1.5186394259	0.3	-0.000010528	0.00027666
1.4686394259	0.3	-7.952e-6	0.00046099
1.4186394259	0.3	-4.804e-6	0.00075098
1.3686394259	0.3	-0.00001925	0.0014009
3.8186394259	0.325	-1.575484e-9	-3.641939e-7
3.7686394259	0.325	-2.059082e-9	-4.428126e-7
3.7186394259	0.325	-2.687797e-9	-5.377935e-7
3.6686394259	0.325	-3.503974e-9	-6.523766e-7
3.6186394259	0.325	-4.561886e-9	-7.903986e-7
3.5686394259	0.325	-5.930946e-9	-9.563909e-7
3.5186394259	0.325	-7.699722e-9	-1.1556903e-6
3.4686394259	0.325	-9.980961e-9	-1.394563e-6
3.4186394259	0.325	-1.291783e-8	-1.680343e-6
3.3686394259	0.325	-1.669164e-8	-2.021584e-6
3.3186394259	0.325	-2.153138e-8	-2.428221e-6
3.2686394259	0.325	-2.772542e-8	-2.911753e-6
3.2186394259	0.325	-3.56358e-8	-3.485422e-6
3.1686394259	0.325	-4.571556e-8	-4.164407e-6
3.1186394259	0.325	-5.852972e-8	-4.966011e-6
3.0686394259	0.325	-7.478034e-8	-5.909836e-6
3.0186394259	0.325	-9.533651e-8	-7.017939e-6
2.9686394259	0.325	-1.212696e-7	-8.314948e-6
2.9186394259	0.325	-1.538947e-7	-9.82811e-6
2.8686394259	0.325	-1.948184e-7	-0.000011587259
2.8186394259	0.325	-2.459937e-7	-0.00001362465
2.7686394259	0.325	-3.097818e-7	-0.00001597462
2.7186394259	0.325	-3.890206e-7	-0.00001867303
2.6686394259	0.325	-4.870994e-7	-0.00002175638
2.6186394259	0.325	-6.080373e-7	-0.00002526056
2.5686394259	0.325	-7.565627e-7	-0.00002921908
2.5186394259	0.325	-9.381906e-7	-0.00003366061
2.4686394259	0.325	-1.159289e-6	-0.00003860583
2.4186394259	0.325	-1.427126e-6	-0.0000440631
2.3686394259	0.325	-1.749887e-6	-0.00005002297
2.3186394259	0.325	-2.136644e-6	-0.00005645105
2.2686394259	0.325	-2.597247e-6	-0.0000632789
2.2186394259	0.325	-3.142123e-6	-0.0000703925
2.1686394259	0.325	-3.781935e-6	-0.0000776175
2.1186394259	0.325	-4.527054e-6	-0.0000847009
2.0686394259	0.325	-5.386792e-6	-0.0000912875
2.0186394259	0.325	-6.36833e-6	-0.0000968902
1.9686394259	0.325	-7.47525e-6	-0.0001008522
1.9186394259	0.325	-8.70559e-6	-0.0001022983
1.8686394259	0.325	-0.0000100494	-0.0001000711
1.8186394259	0.325	-0.00001148558	-0.0000926448
1.7686394259	0.325	-0.00001297839	-0.000078007
1.7186394259	0.325	-0.0000144736	-0.000053488
1.6686394259	0.325	-0.0000158955	-0.000015494
1.6186394259	0.325	-0.0000171487	0.000040928
1.5686394259	0.325	-0.0000181332	0.000122912
1.5186394259	0.325	-0.000018808	0.00024152
1.4686394259	0.325	-0.000019451	0.00041633
1.4186394259	0.325	-0.000022098	0.00069249
1.3686394259	0.325	-0.00005798	0.0013011
3.8186394259	0.35	-1.647722e-9	-3.6381e-7
3.7686394259	0.35	-2.153751e-9	-4.423263e-7
3.7186394259	0.35	-2.811752e-9	-5.371822e-7
3.6686394259	0.35	-3.666126e-9	-6.51614e-7
3.6186394259	0.35	-4.773811e-9	-7.894546e-7
3.5686394259	0.35	-6.207659e-9	-9.552323e-7
3.5186394259	0.35	-8.060686e-9	-1.1542813e-6
3.4686394259	0.35	-1.0451374e-8	-1.392867e-6
3.4186394259	0.35	-1.353028e-8	-1.678324e-6
3.3686394259	0.35	-1.748823e-8	-2.019211e-6
3.3186394259	0.35	-2.256645e-8	-2.425477e-6
3.2686394259	0.35	-2.906903e-8	-2.90864e-6
3.2186394259	0.35	-3.737818e-8	-3.481978e-6
3.1686394259	0.35	-4.797283e-8	-4.160723e-6
3.1186394259	0.35	-6.145112e-8	-4.962256e-6
3.0686394259	0.35	-7.855757e-8	-5.906299e-6
3.0186394259	0.35	-1.0021551e-7	-7.015074e-6
2.9686394259	0.35	-1.275657e-7	-8.313445e-6
2.9186394259	0.35	-1.620118e-7	-9.828986e-6
2.8686394259	0.35	-2.052735e-7	-0.000011591981
2.8186394259	0.35	-2.59448e-7	-0.0000136353
2.7686394259	0.35	-3.270806e-7	-0.00001599409
2.7186394259	0.35	-4.112437e-7	-0.00001870534
2.6686394259	0.35	-5.156254e-7	-0.000021807
2.6186394259	0.35	-6.446256e-7	-0.00002533689
2.5686394259	0.35	-8.034579e-7	-0.00002933107
2.5186394259	0.35	-9.982554e-7	-0.00003382151
2.4686394259	0.35	-1.236173e-6	-0.00003883318
2.4186394259	0.35	-1.525484e-6	-0.00004437997
2.3686394259	0.35	-1.875655e-6	-0.00005045953
2.3186394259	0.35	-2.297388e-6	-0.00005704654
2.2686394259	0.35	-2.802623e-6	-0.0000640841
2.2186394259	0.35	-3.404456e-6	-0.00007147275
2.1686394259	0.35	-4.116968e-6	-0.0000790566
2.1186394259	0.35	-4.954922e-6	-0.0000866056
2.0686394259	0.35	-5.933285e-6	-0.0000937933
2.0186394259	0.35	-7.06655e-6	-0.0001001688
1.9686394259	0.35	-8.36779e-6	-0.0001051198
1.9186394259	0.35	-9.84751e-6	-0.0001078266
1.8686394259	0.35	-0.00001151217	-0.0001072
1.8186394259	0.35	-0.0000133627	-0.000101799
1.7686394259	0.35	-0.00001539334	-0.000089718
1.7186394259	0.35	-0.0000175917	-0.000068419
1.6686394259	0.35	-0.0000199429	-0.00003448
1.6186394259	0.35	-0.0000224435	0.000016827
1.5686394259	0.35	-0.000025144	0.000092312
1.5186394259	0.35	-0.000028278	0.00020252
1.4686394259	0.35	-0.000032721	0.00036597
1.4186394259	0.35	-0.000042313	0.00062464
1.3686394259	0.35	-0.00010442	0.0011774
3.8186394259	0.375	-1.723144e-9	-3.63124e-7
3.7686394259	0.375	-2.252667e-9	-4.414819e-7
3.7186394259	0.375	-2.941368e-9	-5.361475e-7
3.6686394259	0.375	-3.835823e-9	-6.503526e-7
3.6186394259	0.375	-4.995785e-9	-7.879256e-7
3.5686394259	0.375	-6.497754e-9	-9.533903e-7
3.5186394259	0.375	-8.439462e-9	-1.1520776e-6
3.4686394259	0.375	-1.094548e-8	-1.390251e-6
3.4186394259	0.375	-1.417424e-8	-1.675248e-6
3.3686394259	0.375	-1.83267e-8	-2.015634e-6
3.3186394259	0.375	-2.365716e-8	-2.421369e-6
3.2686394259	0.375	-3.048652e-8	-2.903998e-6
3.2186394259	0.375	-3.92186e-8	-3.476838e-6
3.1686394259	0.375	-5.036011e-8	-4.155183e-6
3.1186394259	0.375	-6.454483e-8	-4.956507e-6
3.0686394259	0.375	-8.2563e-8	-5.900663e-6
3.0186394259	0.375	-1.0539653e-7	-7.010066e-6
2.9686394259	0.375	-1.342612e-7	-8.309846e-6
2.9186394259	0.375	-1.706567e-7	-9.827945e-6
2.8686394259	0.375	-2.164255e-7	-0.000011595151
2.8186394259	0.375	-2.738217e-7	-0.00001364501
2.7686394259	0.375	-3.455912e-7	-0.00001601361
2.7186394259	0.375	-4.350626e-7	-0.00001873912
2.6686394259	0.375	-5.462509e-7	-0.00002186113
2.6186394259	0.375	-6.839734e-7	-0.00002541958
2.5686394259	0.375	-8.539761e-7	-0.00002945329
2.5186394259	0.375	-1.0630732e-6	-0.00003399785
2.4686394259	0.375	-1.319287e-6	-0.00003908287
2.4186394259	0.375	-1.631999e-6	-0.00004472823
2.3686394259	0.375	-2.01209e-6	-0.00005093924
2.3186394259	0.375	-2.472075e-6	-0.00005770035
2.2686394259	0.375	-3.026207e-6	-0.00006496704
2.2186394259	0.375	-3.69055e-6	-0.00007265553
2.1686394259	0.375	-4.482996e-6	-0.0000806296
2.1186394259	0.375	-5.423206e-6	-0.000088684
2.0686394259	0.375	-6.532477e-6	-0.0000965234
2.0186394259	0.375	-7.8335e-6	-0.0001037352
1.9686394259	0.375	-9.35006e-6	-0.0001097557
1.9186394259	0.375	-0.0000111067	-0.0001138249
1.8686394259	0.375	-0.00001312855	-0.0001149289
1.8186394259	0.375	-0.00001544165	-0.000111721
1.7686394259	0.375	-0.0000180747	-0.000102414
1.7186394259	0.375	-0.0000210638	-0.000084622
1.6686394259	0.375	-0.0000244646	-0.000055125
1.6186394259	0.375	-0.0000283821	-9.471e-6
1.5686394259	0.375	-0.0000330455	0.000058739
1.5186394259	0.375	-0.000039017	0.00015935
1.4686394259	0.375	-0.000047891	0.00030947
1.4186394259	0.375	-0.000065692	0.0005467
1.3686394259	0.375	-0.00015941	0.001028
3.8186394259	0.4	-1.800909e-9	-3.620485e-7
3.7686394259	0.4	-2.354734e-9	-4.401732e-7
3.7186394259	0.4	-3.075222e-9	-5.34561e-7
3.6686394259	0.4	-4.011216e-9	-6.484373e-7
3.6186394259	0.4	-5.225414e-9	-7.856239e-7
3.5686394259	0.4	-6.798132e-9	-9.506384e-7
3.5186394259	0.4	-8.832046e-9	-1.1488067e-6
3.4686394259	0.4	-1.145813e-8	-1.386389e-6
3.4186394259	0.4	-1.484307e-8	-1.670723e-6
3.3686394259	0.4	-1.919852e-8	-2.010377e-6
3.3186394259	0.4	-2.479256e-8	-2.415329e-6
3.2686394259	0.4	-3.196387e-8	-2.897146e-6
3.2186394259	0.4	-4.113916e-8	-3.469189e-6
3.1686394259	0.4	-5.285459e-8	-4.146817e-6
3.1186394259	0.4	-6.778184e-8	-4.947605e-6
3.0686394259	0.4	-8.675985e-8	-5.891552e-6
3.0186394259	0.4	-1.1083305e-7	-7.001281e-6
2.9686394259	0.4	-1.412974e-7	-8.302211e-6
2.9186394259	0.4	-1.797556e-7	-9.822691e-6
2.8686394259	0.4	-2.281818e-7	-0.000011594056
2.8186394259	0.4	-2.889991e-7	-0.0000136506
2.7686394259	0.4	-3.651695e-7	-0.0000160294
2.7186394259	0.4	-4.602984e-7	-0.00001876996
2.6686394259	0.4	-5.787549e-7	-0.00002191362
2.6186394259	0.4	-7.258089e-7	-0.00002550262
2.5686394259	0.4	-9.07786e-7	-0.00002957877
2.5186394259	0.4	-1.1322398e-6	-0.00003418155
2.4686394259	0.4	-1.408141e-6	-0.00003934557
2.4186394259	0.4	-1.746081e-6	-0.00004509717
2.3686394259	0.4	-2.158495e-6	-0.00005144988
2.3186394259	0.4	-2.659881e-6	-0.00005839862
2.2686394259	0.4	-3.267041e-6	-0.00006591216
2.2186394259	0.4	-3.999309e-6	-0.00007392348
2.1686394259	0.4	-4.878783e-6	-0.0000823175
2.1186394259	0.4	-5.930555e-6	-0.0000909156
2.0686394259	0.4	-7.182943e-6	-0.0000994555
2.0186394259	0.4	-8.66778e-6	-0.0001075664
1.9686394259	0.4	-0.00001042079	-0.0001147366
1.9186394259	0.4	-0.00001248228	-0.0001202716
1.8686394259	0.4	-0.0000148984	-0.0001232394
1.8186394259	0.4	-0.00001772362	-0.000122397
1.7686394259	0.4	-0.0000210258	-0.000116091
1.7186394259	0.4	-0.0000248966	-0.00010211
1.6686394259	0.4	-0.0000294732	-0.000077465
1.6186394259	0.4	-0.0000349864	-0.000038039
1.5686394259	0.4	-0.0000418746	0.000022065
1.5186394259	0.4	-0.000051087	0.00011182
1.4686394259	0.4	-0.000065071	0.00024649
1.4186394259	0.4	-0.000092455	0.00045809
1.3686394259	0.4	-0.00022378	0.000851
3.8186394259	0.425	-1.88002e-9	-3.604887e-7
3.7686394259	0.425	-2.458653e-9	-4.382852e-7
3.7186394259	0.425	-3.211621e-9	-5.322833e-7
3.6686394259	0.425	-4.190105e-9	-6.456992e-7
3.6186394259	0.425	-5.45984e-9	-7.823452e-7
3.5686394259	0.425	-7.105087e-9	-9.467299e-7
3.5186394259	0.425	-9.233638e-9	-1.1441704e-6
3.4686394259	0.425	-1.19831e-8	-1.38092e-6
3.4186394259	0.425	-1.552875e-8	-1.664313e-6
3.3686394259	0.425	-2.009336e-8	-2.002921e-6
3.3186394259	0.425	-2.595937e-8	-2.406731e-6
3.2686394259	0.425	-3.348401e-8	-2.887333e-6
3.2186394259	0.425	-4.311796e-8	-3.458129e-6
3.1686394259	0.425	-5.542826e-8	-4.134546e-6
3.1186394259	0.425	-7.112641e-8	-4.934261e-6
3.0686394259	0.425	-9.110257e-8	-5.877425e-6
3.0186394259	0.425	-1.1646713e-7	-6.98688e-6
2.9686394259	0.425	-1.486009e-7	-8.288355e-6
2.9186394259	0.425	-1.892154e-7	-9.810624e-6
2.8686394259	0.425	-2.404249e-7	-0.000011585612
2.8186394259	0.425	-3.048323e-7	-0.00001364841
2.7686394259	0.425	-3.856299e-7	-0.00001603715
2.7186394259	0.425	-4.867188e-7	-0.00001879277
2.6686394259	0.425	-6.128473e-7	-0.00002195847
2.6186394259	0.425	-7.697714e-7	-0.00002557896
2.5686394259	0.425	-9.644393e-7	-0.00002969924
2.5186394259	0.425	-1.205203e-6	-0.00003436295
2.4686394259	0.425	-1.502056e-6	-0.00003961006
2.4186394259	0.425	-1.866903e-6	-0.00004547377
2.3686394259	0.425	-2.313859e-6	-0.00005197639
2.3186394259	0.425	-2.859584e-6	-0.00005912402
2.2686394259	0.425	-3.523655e-6	-0.00006689961
2.2186394259	0.425	-4.32898e-6	-0.00007525402
2.1686394259	0.425	-5.302263e-6	-0.0000840948
2.1186394259	0.425	-6.474552e-6	-0.0000932716
2.0686394259	0.425	-7.881902e-6	-0.0001025579
2.0186394259	0.425	-9.56623e-6	-0.0001116276
1.9686394259	0.425	-0.0000115765	-0.0001200252
1.9186394259	0.425	-0.00001397056	-0.000127127
1.8686394259	0.425	-0.000016818	-0.0001320907
1.8186394259	0.425	-0.00002020521	-0.000133788
1.7686394259	0.425	-0.0000242443	-0.000130714
1.7186394259	0.425	-0.0000290898	-0.000120852
1.6686394259	0.425	-0.0000349719	-0.000101486
1.6186394259	0.425	-0.0000422663	-0.000068882
1.5686394259	0.425	-0.0000516529	-0.000017751
1.5186394259	0.425	-0.000064532	0.00005982
1.4686394259	0.425	-0.000084348	0.00017683
1.4186394259	0.425	-0.000122792	0.00035844
1.3686394259	0.425	-0.00029835	0.0006453
3.8186394259	0.45	-1.959312e-9	-3.583428e-7
3.7686394259	0.45	-2.562901e-9	-4.356944e-7
3.7186394259	0.45	-3.348579e-9	-5.291643e-7
3.6686394259	0.45	-4.369901e-9	-6.419561e-7
3.6186394259	0.45	-5.695694e-9	-7.778689e-7
3.5686394259	0.45	-7.414241e-9	-9.413974e-7
3.5186394259	0.45	-9.63856e-9	-1.1378453e-6
3.4686394259	0.45	-1.251304e-8	-1.373454e-6
3.4186394259	0.45	-1.622176e-8	-1.655548e-6
3.3686394259	0.45	-2.099891e-8	-1.992696e-6
3.3186394259	0.45	-2.71417e-8	-2.394888e-6
3.2686394259	0.45	-3.502649e-8	-2.873732e-6
3.2186394259	0.45	-4.512871e-8	-3.442666e-6
3.1686394259	0.45	-5.804736e-8	-4.117178e-6
3.1186394259	0.45	-7.453523e-8	-4.915045e-6
3.0686394259	0.45	-9.553574e-8	-5.85657e-6
3.0186394259	0.45	-1.2222803e-7	-6.964815e-6
2.9686394259	0.45	-1.560814e-7	-8.265826e-6
2.9186394259	0.45	-1.989215e-7	-9.788822e-6
2.8686394259	0.45	-2.530095e-7	-0.000011566336
2.8186394259	0.45	-3.211369e-7	-0.00001363429
2.7686394259	0.45	-4.067394e-7	-0.00001603194
2.7186394259	0.45	-5.140303e-7	-0.0000188017
2.6686394259	0.45	-6.481593e-7	-0.00002198877
2.6186394259	0.45	-8.153981e-7	-0.00002564044
2.5686394259	0.45	-1.0233579e-6	-0.00002980508
2.5186394259	0.45	-1.281241e-6	-0.00003453073
2.4686394259	0.45	-1.600136e-6	-0.00003986302
2.4186394259	0.45	-1.993352e-6	-0.00004584243
2.3686394259	0.45	-2.476811e-6	-0.00005250056
2.3186394259	0.45	-3.069499e-6	-0.00005985536
2.2686394259	0.45	-3.793989e-6	-0.00006790479
2.2186394259	0.45	-4.677051e-6	-0.00007661874
2.1686394259	0.45	-5.75039e-6	-0.0000859287
2.1186394259	0.45	-7.051535e-6	-0.0000957146
2.0686394259	0.45	-8.624976e-6	-0.000105788
2.0186394259	0.45	-0.00001052367	-0.0001158706
1.9686394259	0.45	-0.00001281112	-0.0001255674
1.9186394259	0.45	-0.0000155645	-0.0001343312
1.8686394259	0.45	-0.00001887938	-0.0001414173
1.8186394259	0.45	-0.0000228776	-0.000145823
1.7686394259	0.45	-0.0000277207	-0.000146207
1.7186394259	0.45	-0.0000336339	-0.000140774
1.6686394259	0.45	-0.0000409526	-0.000127112
1.6186394259	0.45	-0.0000502167	-0.000101934
1.5686394259	0.45	-0.0000623827	-0.000060657
1.5186394259	0.45	-0.000079369	3.37e-6
1.4686394259	0.45	-0.000105774	0.00010046
1.4186394259	0.45	-0.000156847	0.00024757
1.3686394259	0.45	-0.00038394	0.0004097
3.8186394259	0.475	-2.037433e-9	-3.555023e-7
3.7686394259	0.475	-2.665711e-9	-4.322685e-7
3.7186394259	0.475	-3.483787e-9	-5.250431e-7
3.6686394259	0.475	-4.547592e-9	-6.370126e-7
3.6186394259	0.475	-5.929053e-9	-7.719577e-7
3.5686394259	0.475	-7.720486e-9	-9.343531e-7
3.5186394259	0.475	-1.0040164e-8	-1.1294826e-6
3.4686394259	0.475	-1.303932e-8	-1.363568e-6
3.4186394259	0.475	-1.691091e-8	-1.643917e-6
3.3686394259	0.475	-2.190067e-8	-1.979084e-6
3.3186394259	0.475	-2.83208e-8	-2.379054e-6
3.2686394259	0.475	-3.656711e-8	-2.855444e-6
3.2186394259	0.475	-4.714019e-8	-3.421713e-6
3.1686394259	0.475	-6.067169e-8	-4.093404e-6
3.1186394259	0.475	-7.795663e-8	-4.888383e-6
3.0686394259	0.475	-9.999309e-8	-5.827094e-6
3.0186394259	0.475	-1.2803079e-7	-6.932814e-6
2.9686394259	0.475	-1.636304e-7	-8.231903e-6
2.9186394259	0.475	-2.087352e-7	-9.754022e-6
2.8686394259	0.475	-2.657585e-7	-0.000011532325
2.8186394259	0.475	-3.376881e-7	-0.00001360358
2.7686394259	0.475	-4.282124e-7	-0.0000160082
2.7186394259	0.475	-5.418708e-7	-0.00001879014
2.6686394259	0.475	-6.842328e-7	-0.00002199663
2.6186394259	0.475	-8.621114e-7	-0.00002567766
2.5686394259	0.475	-1.0838143e-6	-0.00002988515
2.5186394259	0.475	-1.359442e-6	-0.0000346717
2.4686394259	0.475	-1.701237e-6	-0.00004008888
2.4186394259	0.475	-2.123999e-6	-0.00004618477
2.3686394259	0.475	-2.64557e-6	-0.00005300077
2.3186394259	0.475	-3.287412e-6	-0.00006056723
2.2686394259	0.475	-4.075297e-6	-0.00006889794
2.2186394259	0.475	-5.040136e-6	-0.00007798285
2.1686394259	0.475	-6.218999e-6	-0.0000877788
2.1186394259	0.475	-7.656397e-6	-0.0000981976
2.0686394259	0.475	-9.405937e-6	-0.0001090913
2.0186394259	0.475	-0.00001153254	-0.0001202328
1.9686394259	0.475	-0.00001411553	-0.0001312914
1.9186394259	0.475	-0.00001725318	-0.0001418022
1.8686394259	0.475	-0.00002106955	-0.000151126
1.8186394259	0.475	-0.0000257255	-0.000158397
1.7686394259	0.475	-0.0000314373	-0.000162453
1.7186394259	0.475	-0.0000385088	-0.000161745
1.6686394259	0.475	-0.000047393	-0.000154202
1.6186394259	0.475	-0.0000588146	-0.000137043
1.5686394259	0.475	-0.0000740427	-0.000106494
1.5186394259	0.475	-0.000095584	-0.00005735
1.4686394259	0.475	-0.000129358	0.00001753
1.4186394259	0.475	-0.000194709	0.00012557
1.3686394259	0.475	-0.00048126	0.0001436
3.8186394259	0.5	-2.112835e-9	-3.51852e-7
3.7686394259	0.5	-2.765057e-9	-4.278672e-7
3.7186394259	0.5	-3.614595e-9	-5.197489e-7
3.6686394259	0.5	-4.719715e-9	-6.306609e-7
3.6186394259	0.5	-6.155391e-9	-7.643585e-7
3.5686394259	0.5	-8.017921e-9	-9.252894e-7
3.5186394259	0.5	-1.0430774e-8	-1.1187087e-6
3.4686394259	0.5	-1.355194e-8	-1.350809e-6
3.4186394259	0.5	-1.758322e-8	-1.628869e-6
3.3686394259	0.5	-2.278181e-8	-1.961418e-6
3.3186394259	0.5	-2.947486e-8	-2.358423e-6
3.2686394259	0.5	-3.80776e-8	-2.831491e-6
3.2186394259	0.5	-4.911588e-8	-3.394092e-6
3.1686394259	0.5	-6.325412e-8	-4.061801e-6
3.1186394259	0.5	-8.132987e-8	-4.852556e-6
3.0686394259	0.5	-1.0439638e-7	-5.786925e-6
3.0186394259	0.5	-1.3377491e-7	-6.888383e-6
2.9686394259	0.5	-1.711187e-7	-8.183582e-6
2.9186394259	0.5	-2.184911e-7	-9.702616e-6
2.8686394259	0.5	-2.784606e-7	-0.000011479245
2.8186394259	0.5	-3.542158e-7	-0.00001355108
2.7686394259	0.5	-4.497048e-7	-0.00001595969
2.7186394259	0.5	-5.698023e-7	-0.0000187506
2.6686394259	0.5	-7.205118e-7	-0.00002197312
2.6186394259	0.5	-9.092059e-7	-0.00002567999
2.5686394259	0.5	-1.144916e-6	-0.00002992675
2.5186394259	0.5	-1.438676e-6	-0.00003477074
2.4686394259	0.5	-1.803937e-6	-0.00004026965
2.4186394259	0.5	-2.257056e-6	-0.00004647946
2.3686394259	0.5	-2.817891e-6	-0.00005345169
2.3186394259	0.5	-3.510513e-6	-0.00006122967
2.2686394259	0.5	-4.36407e-6	-0.00006984368
2.2186394259	0.5	-5.413858e-6	-0.00007930462
2.1686394259	0.5	-6.70265e-6	-0.0000895959
2.1186394259	0.5	-8.282396e-6	-0.000100663
2.0686394259	0.5	-0.000010216448	-0.0001124005
2.0186394259	0.5	-0.00001258257	-0.0001246352
1.9686394259	0.5	-0.00001547712	-0.0001371052
1.9186394259	0.5	-0.00001902118	-0.0001494333
1.8686394259	0.5	-0.00002336973	-0.0001610933
1.8186394259	0.5	-0.0000287263	-0.000171367
1.7686394259	0.5	-0.0000353668	-0.000179289
1.7186394259	0.5	-0.000043682	-0.000183577
1.6686394259	0.5	-0.0000542549	-0.00018254
1.6186394259	0.5	-0.0000680156	-0.000173962
1.5686394259	0.5	-0.0000865832	-0.000154982
1.5186394259	0.5	-0.000113127	-0.00012205
1.4686394259	0.5	-0.000155058	-0.00007161
1.4186394259	0.5	-0.000236386	-7.18e-6
1.3686394259	0.5	-0.0005909	-0.0001529
3.8186394259	0.525	-2.183764e-9	-3.472711e-7
3.7686394259	0.525	-2.858637e-9	-4.223429e-7
3.7186394259	0.525	-3.737989e-9	-5.131017e-7
3.6686394259	0.525	-4.882327e-9	-6.226812e-7
3.6186394259	0.525	-6.369559e-9	-7.548037e-7
3.5686394259	0.525	-8.299823e-9	-9.138804e-7
3.5186394259	0.525	-1.080161e-8	-1.1051267e-6
3.4686394259	0.525	-1.403948e-8	-1.334694e-6
3.4186394259	0.525	-1.82238e-8	-1.609818e-6
3.3686394259	0.525	-2.362297e-8	-1.938987e-6
3.3186394259	0.525	-3.057874e-8	-2.33213e-6
3.2686394259	0.525	-3.95254e-8	-2.800826e-6
3.2186394259	0.525	-5.101358e-8	-3.358531e-6
3.1686394259	0.525	-6.574004e-8	-4.020829e-6
3.1186394259	0.525	-8.45844e-8	-4.805702e-6
3.0686394259	0.525	-1.0865463e-7	-5.733813e-6
3.0186394259	0.525	-1.3934313e-7	-6.828799e-6
2.9686394259	0.525	-1.783956e-7	-8.117579e-6
2.9186394259	0.525	-2.279955e-7	-9.63064e-6
2.8686394259	0.525	-2.908672e-7	-0.00001140232
2.8186394259	0.525	-3.704015e-7	-0.00001347105
2.7686394259	0.525	-4.70809e-7	-0.00001587952
2.7186394259	0.525	-5.973045e-7	-0.00001867479
2.6686394259	0.525	-7.563324e-7	-0.00002190827
2.6186394259	0.525	-9.558367e-7	-0.00002563545
2.5686394259	0.525	-1.2055889e-6	-0.00002991555
2.5186394259	0.525	-1.517582e-6	-0.0000348107
2.4686394259	0.525	-1.90651e-6	-0.00004038482
2.4186394259	0.525	-2.39034e-6	-0.00004670199
2.3686394259	0.525	-2.991018e-6	-0.00005382413
2.3186394259	0.525	-3.735327e-6	-0.00006180791
2.2686394259	0.525	-4.655938e-6	-0.00007070065
2.2186394259	0.525	-5.792733e-6	-0.00008053496
2.1686394259	0.525	-7.194471e-6	-0.0000913218
2.1186394259	0.525	-8.920936e-6	-0.0001030418
2.0686394259	0.525	-0.000011045785	-0.000115634
2.0186394259	0.525	-0.0000136604	-0.0001289817
1.9686394259	0.525	-0.00001687929	-0.0001428955
1.9186394259	0.525	-0.00002084792	-0.0001570909
1.8686394259	0.525	-0.0000257529	-0.0001711552
1.8186394259	0.525	-0.0000318484	-0.000184549
1.7686394259	0.525	-0.0000394706	-0.000196498
1.7186394259	0.525	-0.0000491061	-0.000206016
1.6686394259	0.525	-0.0000614802	-0.000211827
1.6186394259	0.525	-0.0000777495	-0.00021234
1.5686394259	0.525	-0.0000999199	-0.000205705
1.5186394259	0.525	-0.000131897	-0.00019022
1.4686394259	0.525	-0.000182765	-0.00016635
1.4186394259	0.525	-0.000281787	-0.00014993
1.3686394259	0.525	-0.0007134	-0.0004792
3.8186394259	0.55	-2.248253e-9	-3.416337e-7
3.7686394259	0.55	-2.94387e-9	-4.155418e-7
3.7186394259	0.55	-3.850583e-9	-5.049131e-7
3.6686394259	0.55	-5.030991e-9	-6.128435e-7
3.6186394259	0.55	-6.565747e-9	-7.430125e-7
3.5686394259	0.55	-8.558596e-9	-8.997833e-7
3.5186394259	0.55	-1.1142756e-8	-1.0883189e-6
3.4686394259	0.55	-1.448899e-8	-1.314714e-6
3.4186394259	0.55	-1.881579e-8	-1.586143e-6
3.3686394259	0.55	-2.440219e-8	-1.911034e-6
3.3186394259	0.55	-3.160388e-8	-2.299256e-6
3.2686394259	0.55	-4.087336e-8	-2.762331e-6
3.2186394259	0.55	-5.278511e-8	-3.313673e-6
3.1686394259	0.55	-6.806702e-8	-3.96884e-6
3.1186394259	0.55	-8.763938e-8	-4.745821e-6
3.0686394259	0.55	-1.1266329e-7	-5.665329e-6
3.0186394259	0.55	-1.4460044e-7	-6.751124e-6
2.9686394259	0.55	-1.85287e-7	-8.030333e-6
2.9186394259	0.55	-2.370241e-7	-9.533787e-6
2.8686394259	0.55	-3.026896e-7	-0.000011296342
2.8186394259	0.55	-3.858745e-7	-0.000013357179
2.7686394259	0.55	-4.910493e-7	-0.00001576006
2.7186394259	0.55	-6.237679e-7	-0.00001855354
2.6686394259	0.55	-7.909149e-7	-0.00002179102
2.6186394259	0.55	-1.0010076e-6	-0.00002553075
2.5686394259	0.55	-1.2645622e-6	-0.00002983554
2.5186394259	0.55	-1.594541e-6	-0.00003477232
2.4686394259	0.55	-2.006896e-6	-0.00004041128
2.4186394259	0.55	-2.521234e-6	-0.00004682464
2.3686394259	0.55	-3.161634e-6	-0.00005408485
2.3186394259	0.55	-3.957653e-6	-0.00006226216
2.2686394259	0.55	-4.945588e-6	-0.00007142126
2.2186394259	0.55	-6.170052e-6	-0.000081617
2.1686394259	0.55	-7.686001e-6	-0.0000928887
2.1186394259	0.55	-9.561367e-6	-0.0001052531
2.0686394259	0.55	-0.000011880556	-0.0001186952
2.0186394259	0.55	-0.00001474922	-0.0001331574
1.9686394259	0.55	-0.00001830095	-0.0001485256
1.9186394259	0.55	-0.00002270698	-0.0001646126
1.8686394259	0.55	-0.00002819072	-0.0001811395
1.8186394259	0.55	-0.0000350506	-0.000197713
1.7686394259	0.55	-0.000043697	-0.000213806
1.7186394259	0.55	-0.0000547165	-0.000228737
1.6686394259	0.55	-0.0000689886	-0.000241675
1.6186394259	0.55	-0.0000879159	-0.000251708
1.5686394259	0.55	-0.0001139273	-0.000258094
1.5186394259	0.55	-0.00015174	-0.00026116
1.4686394259	0.55	-0.000212285	-0.00026582
1.4186394259	0.55	-0.000330692	-0.00030152
1.3686394259	0.55	-0.0008488	-0.0008337
3.8186394259	0.575	-2.304117e-9	-3.348102e-7
3.7686394259	0.575	-3.017887e-9	-4.073049e-7
3.7186394259	0.575	-3.948612e-9	-4.949887e-7
3.6686394259	0.575	-5.160768e-9	-6.0091e-7
3.6186394259	0.575	-6.737484e-9	-7.286937e-7
3.5686394259	0.575	-8.785767e-9	-8.826423e-7
3.5186394259	0.575	-1.144313e-8	-1.0678502e-6
3.4686394259	0.575	-1.488599e-8	-1.290337e-6
3.4186394259	0.575	-1.934028e-8	-1.557196e-6
3.3686394259	0.575	-2.509482e-8	-1.876769e-6
3.3186394259	0.575	-3.251808e-8	-2.258833e-6
3.2686394259	0.575	-4.207971e-8	-2.714829e-6
3.2186394259	0.575	-5.437614e-8	-3.258082e-6
3.1686394259	0.575	-7.016368e-8	-3.904069e-6
3.1186394259	0.575	-9.040329e-8	-4.670785e-6
3.0686394259	0.575	-1.1630378e-7	-5.57889e-6
3.0186394259	0.575	-1.493934e-7	-6.652214e-6
2.9686394259	0.575	-1.915943e-7	-7.918027e-6
2.9186394259	0.575	-2.453206e-7	-9.407422e-6
2.8686394259	0.575	-3.135976e-7	-0.000011155687
2.8186394259	0.575	-4.002092e-7	-0.000013202661
2.7686394259	0.575	-5.098786e-7	-0.00001559307
2.7186394259	0.575	-6.484894e-7	-0.00001837684
2.6686394259	0.575	-8.233571e-7	-0.00002160929
2.6186394259	0.575	-1.043562e-6	-0.00002535125
2.5686394259	0.575	-1.3203555e-6	-0.00002966905
2.5186394259	0.575	-1.667659e-6	-0.00003463428
2.4686394259	0.575	-2.102679e-6	-0.00004032331
2.4186394259	0.575	-2.646658e-6	-0.0000468164
2.3686394259	0.575	-3.325814e-6	-0.00005419652
2.3186394259	0.575	-4.172502e-6	-0.00006254748
2.2686394259	0.575	-5.22668e-6	-0.00007195148
2.2186394259	0.575	-6.537768e-6	-0.0000824858
2.1686394259	0.575	-8.167042e-6	-0.0000942186
2.1186394259	0.575	-0.000010190775	-0.0001072033
2.0686394259	0.575	-0.00001270442	-0.0001214722
2.0186394259	0.575	-0.00001582838	-0.000137028
1.9686394259	0.575	-0.00001971602	-0.0001538344
1.9186394259	0.575	-0.00002456541	-0.0001718052
1.8686394259	0.575	-0.00003063687	-0.0001907936
1.8186394259	0.575	-0.0000382803	-0.000210582
1.7686394259	0.575	-0.0000479796	-0.000230879
1.7186394259	0.575	-0.0000604293	-0.000251335
1.6686394259	0.575	-0.0000766732	-0.000271594
1.6186394259	0.575	-0.0000983785	-0.00029147
1.5686394259	0.575	-0.0001284312	-0.000311413
1.5186394259	0.575	-0.000172429	-0.00033394
1.4686394259	0.575	-0.000243326	-0.0003688
1.4186394259	0.575	-0.000382717	-0.00046028
1.3686394259	0.575	-0.000997	-0.0012134
3.8186394259	0.6	-2.348962e-9	-3.26669e-7
3.7686394259	0.6	-3.077538e-9	-3.974708e-7
3.7186394259	0.6	-4.027936e-9	-4.831304e-7
3.6686394259	0.6	-5.266224e-9	-5.866373e-7
3.6186394259	0.6	-6.877643e-9	-7.115492e-7
3.5686394259	0.6	-8.971994e-9	-8.620917e-7
3.5186394259	0.6	-1.1690494e-8	-1.0432727e-6
3.4686394259	0.6	-1.521447e-8	-1.2610146e-6
3.4186394259	0.6	-1.977633e-8	-1.522305e-6
3.3686394259	0.6	-2.567351e-8	-1.835369e-6
3.3186394259	0.6	-3.32859e-8	-2.209862e-6
3.2686394259	0.6	-4.309793e-8	-2.657092e-6
3.2186394259	0.6	-5.572612e-8	-3.19026e-6
3.1686394259	0.6	-7.195369e-8	-3.824738e-6
3.1186394259	0.6	-9.277378e-8	-4.578362e-6
3.0686394259	0.6	-1.1944323e-7	-5.471769e-6
3.0186394259	0.6	-1.535496e-7	-6.528746e-6
2.9686394259	0.6	-1.970945e-7	-7.776611e-6
2.9186394259	0.6	-2.525963e-7	-9.246614e-6
2.8686394259	0.6	-3.232178e-7	-0.000010974353
2.8186394259	0.6	-4.129238e-7	-0.000013000191
2.7686394259	0.6	-5.266752e-7	-0.00001536967
2.7186394259	0.6	-6.70668e-7	-0.00001813392
2.6686394259	0.6	-8.526287e-7	-0.00002134997
2.6186394259	0.6	-1.082176e-6	-0.00002508106
2.5686394259	0.6	-1.371269e-6	-0.0000293968
2.5186394259	0.6	-1.734758e-6	-0.00003437322
2.4686394259	0.6	-2.191067e-6	-0.0000400926
2.4186394259	0.6	-2.763039e-6	-0.00004664302
2.3686394259	0.6	-3.478991e-6	-0.0000541177
2.3186394259	0.6	-4.37404e-6	-0.00006261379
2.2686394259	0.6	-5.491774e-6	-0.0000722308
2.2186394259	0.6	-6.886399e-6	-0.00008306834
2.1686394259	0.6	-8.62552e-6	-0.00009522327
2.1186394259	0.6	-0.000010793789	-0.0001087861
2.0686394259	0.6	-0.00001349784	-0.0001238365
2.0186394259	0.6	-0.00001687301	-0.0001404385
1.9686394259	0.6	-0.00002109287	-0.0001586352
1.9186394259	0.6	-0.00002638303	-0.0001784435
1.8686394259	0.6	-0.00003304178	-0.0001998523
1.8186394259	0.6	-0.0000414723	-0.000222825
1.7686394259	0.6	-0.0000522352	-0.000247318
1.7186394259	0.6	-0.0000661378	-0.000273323
1.6686394259	0.6	-0.0000843972	-0.000300987
1.6186394259	0.6	-0.0001089604	-0.000330887
1.5686394259	0.6	-0.0001431999	-0.000364737
1.5186394259	0.6	-0.000193658	-0.00040739
1.4686394259	0.6	-0.000275469	-0.00047374
1.4186394259	0.6	-0.000437272	-0.00062398
1.3686394259	0.6	-0.0011571	-0.0016143
3.8186394259	0.625	-2.380195e-9	-3.170787e-7
3.7686394259	0.625	-3.119411e-9	-3.858777e-7
3.7186394259	0.625	-4.084065e-9	-4.691391e-7
3.6686394259	0.625	-5.341456e-9	-5.697809e-7
3.6186394259	0.625	-6.978465e-9	-6.912784e-7
3.5686394259	0.625	-9.107094e-9	-8.377623e-7
3.5186394259	0.625	-1.1871502e-8	-1.014133e-6
3.4686394259	0.625	-1.545694e-8	-1.2261909e-6
3.4186394259	0.625	-2.010107e-8	-1.480788e-6
3.3686394259	0.625	-2.610833e-8	-1.785997e-6
3.3186394259	0.625	-3.3868e-8	-2.151311e-6
3.2686394259	0.625	-4.387696e-8	-2.587861e-6
3.2186394259	0.625	-5.676844e-8	-3.108664e-6
3.1686394259	0.625	-7.334783e-8	-3.728904e-6
3.1186394259	0.625	-9.463784e-8	-4.466237e-6
3.0686394259	0.625	-1.2193469e-7	-5.341135e-6
3.0186394259	0.625	-1.568783e-7	-6.377257e-6
2.9686394259	0.625	-2.015398e-7	-7.601851e-6
2.9186394259	0.625	-2.585298e-7	-9.046188e-6
2.8686394259	0.625	-3.31134e-7	-0.00001074602
2.8186394259	0.625	-4.234796e-7	-0.000012742055
2.7686394259	0.625	-5.407428e-7	-0.00001508045
2.7186394259	0.625	-6.89405e-7	-0.00001781329
2.6686394259	0.625	-8.775695e-7	-0.00002099907
2.6186394259	0.625	-1.1153544e-6	-0.00002470313
2.5686394259	0.625	-1.4153781e-6	-0.00002899805
2.5186394259	0.625	-1.793362e-6	-0.0000339639
2.4686394259	0.625	-2.268879e-6	-0.00003968846
2.4186394259	0.625	-2.866293e-6	-0.00004626721
2.3686394259	0.625	-3.615929e-6	-0.00005380309
2.3186394259	0.625	-4.555555e-6	-0.0000624061
2.2686394259	0.625	-5.732274e-6	-0.00007219248
2.2186394259	0.625	-7.204945e-6	-0.00008328361
2.1686394259	0.625	-9.047359e-6	-0.00009580457
2.1186394259	0.625	-0.00001135242	-0.0001098823
2.0686394259	0.625	-0.0000142378	-0.0001256437
2.0186394259	0.625	-0.00001785372	-0.000143214
1.9686394259	0.625	-0.00002239394	-0.0001627154
1.9186394259	0.625	-0.00002811173	-0.0001842691
1.8686394259	0.625	-0.00003534382	-0.0002080014
1.8186394259	0.625	-0.0000445477	-0.00023406
1.7686394259	0.625	-0.000056362	-0.000262653
1.7186394259	0.625	-0.0000717105	-0.000294126
1.6686394259	0.625	-0.0000919894	-0.000329142
1.6186394259	0.625	-0.000119437	-0.000369071
1.5686394259	0.625	-0.0001579356	-0.000416941
1.5186394259	0.625	-0.000215022	-0.00048004
1.4686394259	0.625	-0.000308151	-0.00057868
1.4186394259	0.625	-0.000493518	-0.00078976
1.3686394259	0.625	-0.0013279	-0.0020304
3.8186394259	0.65	-2.395047e-9	-3.059109e-7
3.7686394259	0.65	-3.139853e-9	-3.723672e-7
3.7186394259	0.65	-4.112191e-9	-4.528196e-7
3.6686394259	0.65	-5.380137e-9	-5.501002e-7
3.6186394259	0.65	-7.031635e-9	-6.675847e-7
3.5686394259	0.65	-9.180141e-9	-8.092888e-7
3.5186394259	0.65	-1.19718e-8	-9.79981e-7
3.4686394259	0.65	-1.559456e-8	-1.1853113e-6
3.4186394259	0.65	-2.02898e-8	-1.431961e-6
3.3686394259	0.65	-2.636695e-8	-1.727814e-6
3.3186394259	0.65	-3.422213e-8	-2.082149e-6
3.2686394259	0.65	-4.43615e-8	-2.505866e-6
3.2186394259	0.65	-5.743082e-8	-3.011732e-6
3.1686394259	0.65	-7.425257e-8	-3.614666e-6
3.1186394259	0.65	-9.587246e-8	-4.332053e-6
3.0686394259	0.65	-1.2361785e-7	-5.184095e-6
3.0186394259	0.65	-1.591707e-7	-6.194196e-6
2.9686394259	0.65	-2.046586e-7	-7.389391e-6
2.9186394259	0.65	-2.627686e-7	-8.800802e-6
2.8686394259	0.65	-3.368885e-7	-0.00001046414
2.8186394259	0.65	-4.31283e-7	-0.00001242023
2.7686394259	0.65	-5.501276e-7	-0.00001469463
2.7186394259	0.65	-7.037043e-7	-0.00001740292
2.6686394259	0.65	-8.96892e-7	-0.00002054188
2.6186394259	0.65	-1.1414335e-6	-0.00002419949
2.5686394259	0.65	-1.4505342e-6	-0.00002845081
2.5186394259	0.65	-1.840699e-6	-0.00003337945
2.4686394259	0.65	-2.332544e-6	-0.00003907811
2.4186394259	0.65	-2.951822e-6	-0.00004564892
2.3686394259	0.65	-3.730708e-6	-0.00005320385
2.3186394259	0.65	-4.709436e-6	-0.00006186484
2.2686394259	0.65	-5.938396e-6	-0.00007176391
2.2186394259	0.65	-7.480837e-6	-0.00008304315
2.1686394259	0.65	-9.416423e-6	-0.00009585467
2.1186394259	0.65	-0.000011845943	-0.0001103606
2.0686394259	0.65	-0.0000148977	-0.0001267338
2.0186394259	0.65	-0.00001873632	-0.000145159
1.9686394259	0.65	-0.00002357468	-0.0001658326
1.9186394259	0.65	-0.00002969496	-0.0001889909
1.8686394259	0.65	-0.00003747008	-0.0002148843
1.8186394259	0.65	-0.000047412	-0.000243849
1.7686394259	0.65	-0.0000602378	-0.000276345
1.7186394259	0.65	-0.000076988	-0.000313076
1.6686394259	0.65	-0.0000992405	-0.000355227
1.6186394259	0.65	-0.0001295306	-0.000404973
1.5686394259	0.65	-0.0001722641	-0.000466681
1.5186394259	0.65	-0.000236007	-0.00055014
1.4686394259	0.65	-0.000340633	-0.00068119
1.4186394259	0.65	-0.000550303	-0.000954
1.3686394259	0.65	-0.0015068	-0.002454
3.8186394259	0.675	-2.390606e-9	-2.930438e-7
3.7686394259	0.675	-3.135026e-9	-3.567889e-7
3.7186394259	0.675	-4.107252e-9	-4.339858e-7
3.6686394259	0.675	-5.375596e-9	-5.273649e-7
3.6186394259	0.675	-7.02837e-9	-6.401834e-7
3.5686394259	0.675	-9.179582e-9	-7.763193e-7
3.5186394259	0.675	-1.19762e-8	-9.403819e-7
3.4686394259	0.675	-1.56074e-8	-1.1378386e-6
3.4186394259	0.675	-2.031633e-8	-1.375162e-6
3.3686394259	0.675	-2.641502e-8	-1.659999e-6
3.3186394259	0.675	-3.430327e-8	-2.001364e-6
3.2686394259	0.675	-4.449254e-8	-2.409858e-6
3.2186394259	0.675	-5.763609e-8	-2.897924e-6
3.1686394259	0.675	-7.456698e-8	-3.480125e-6
3.1186394259	0.675	-9.63458e-8	-4.173468e-6
3.0686394259	0.675	-1.2432063e-7	-4.997759e-6
3.0186394259	0.675	-1.602023e-7	-5.976003e-6
2.9686394259	0.675	-2.061554e-7	-7.134808e-6
2.9186394259	0.675	-2.649317e-7	-8.505057e-6
2.8686394259	0.675	-3.399857e-7	-0.000010122066
2.8186394259	0.675	-4.356896e-7	-0.000012026538
2.7686394259	0.675	-5.57547e-7	-0.00001426499
2.7186394259	0.675	-7.124803e-7	-0.00001689046
2.6686394259	0.675	-9.091883e-7	-0.00001996322
2.6186394259	0.675	-1.158589e-6	-0.00002355148
2.5686394259	0.675	-1.4743762e-6	-0.00002773218
2.5186394259	0.675	-1.873715e-6	-0.0000325918
2.4686394259	0.675	-2.378112e-6	-0.00003822709
2.4186394259	0.675	-3.014523e-6	-0.00004474596
2.3686394259	0.675	-3.816741e-6	-0.00005226826
2.3186394259	0.675	-4.827184e-6	-0.00006092664
2.2686394259	0.675	-6.099177e-6	-0.00007086748
2.2186394259	0.675	-7.699938e-6	-0.00008225193
2.1686394259	0.675	-9.714481e-6	-0.00009525721
2.1186394259	0.675	-0.00001225085	-0.0001100786
2.0686394259	0.675	-0.00001544723	-0.000126933
2.0186394259	0.675	-0.00001948168	-0.0001460597
1.9686394259	0.675	-0.00002458627	-0.0001677366
1.9186394259	0.675	-0.00003106725	-0.0001922862
1.8686394259	0.675	-0.00003933565	-0.0002201038
1.8186394259	0.675	-0.0000499549	-0.000251701
1.7686394259	0.675	-0.0000637181	-0.000287787
1.7186394259	0.675	-0.0000817805	-0.000329415
1.6686394259	0.675	-0.000105899	-0.000378287
1.6186394259	0.675	-0.0001389163	-0.000437511
1.5686394259	0.675	-0.0001857258	-0.000512387
1.5186394259	0.675	-0.00025597	-0.00061559
1.4686394259	0.675	-0.000371972	-0.00077838
1.4186394259	0.675	-0.000606113	-0.00111226
1.3686394259	0.675	-0.0016903	-0.002871
3.8186394259	0.7	-2.363876e-9	-2.783674e-7
3.7686394259	0.7	-3.10097e-9	-3.39006e-7
3.7186394259	0.7	-4.064022e-9	-4.124678e-7
3.6686394259	0.7	-5.320942e-9	-5.013641e-7
3.6186394259	0.7	-6.959581e-9	-6.088125e-7
3.5686394259	0.7	-9.093438e-9	-7.385284e-7
3.5186394259	0.7	-1.1868934e-8	-8.949318e-7
3.4686394259	0.7	-1.54747e-8	-1.0832715e-6
3.4186394259	0.7	-2.015339e-8	-1.309768e-6
3.3686394259	0.7	-2.621669e-8	-1.581782e-6
3.3186394259	0.7	-3.406437e-8	-1.907998e-6
3.2686394259	0.7	-4.420837e-8	-2.29865e-6
3.2186394259	0.7	-5.730335e-8	-2.765767e-6
3.1686394259	0.7	-7.41851e-8	-3.323455e-6
3.1186394259	0.7	-9.59191e-8	-3.988219e-6
3.0686394259	0.7	-1.2386153e-7	-4.779326e-6
3.0186394259	0.7	-1.5973604e-7	-5.719209e-6
2.9686394259	0.7	-2.057299e-7	-6.83392e-6
2.9186394259	0.7	-2.646145e-7	-8.153639e-6
2.8686394259	0.7	-3.398985e-7	-9.713231e-6
2.8186394259	0.7	-4.36013e-7	-0.00001155286
2.7686394259	0.7	-5.585525e-7	-0.00001371867
2.7186394259	0.7	-7.145706e-7	-0.00001626355
2.6686394259	0.7	-9.129471e-7	-0.00001924783
2.6186394259	0.7	-1.1648585e-6	-0.00002274029
2.5686394259	0.7	-1.4843571e-6	-0.00002681901
2.5186394259	0.7	-1.889106e-6	-0.0000315724
2.4686394259	0.7	-2.401302e-6	-0.00003710029
2.4186394259	0.7	-3.048851e-6	-0.00004351511
2.3686394259	0.7	-3.86685e-6	-0.00005094321
2.3186394259	0.7	-4.818675e-6	-0.00005805559
2.2686394259	0.7	-6.202603e-6	-0.00006942316
2.2186394259	0.7	-7.84671e-6	-0.00008081174
2.1686394259	0.7	-9.921447e-6	-0.00009389182
2.1186394259	0.7	-0.00001254117	-0.0001088886
2.0686394259	0.7	-0.00001538511	-0.0001232605
2.0186394259	0.7	-0.00002004632	-0.0001456949
1.9686394259	0.7	-0.00002537067	-0.0001681446
1.9186394259	0.7	-0.00003215559	-0.0001938241
1.8686394259	0.7	-0.00004084561	-0.0002232549
1.8186394259	0.7	-0.0000520526	-0.000257121
1.7686394259	0.7	-0.000066641	-0.000296369
1.7186394259	0.7	-0.000085874	-0.000342385
1.6686394259	0.7	-0.0001116783	-0.000397358
1.6186394259	0.7	-0.0001471702	-0.000465058
1.5686394259	0.7	-0.0001977869	-0.000552468
1.5186394259	0.7	-0.000274122	-0.00067398
1.4686394259	0.7	-0.000400994	-0.00086685
1.4186394259	0.7	-0.000658997	-0.00125922
1.3686394259	0.7	-0.0018097	-0.00175
3.8186394259	0.725	-2.311849e-9	-2.617896e-7
3.7686394259	0.725	-3.033709e-9	-3.189031e-7
3.7186394259	0.725	-3.977243e-9	-3.881213e-7
3.6686394259	0.725	-5.209225e-9	-4.719174e-7
3.6186394259	0.725	-6.816096e-9	-5.732466e-7
3.5686394259	0.725	-8.909612e-9	-6.956343e-7
3.5186394259	0.725	-1.1634052e-8	-8.432783e-7
3.4686394259	0.725	-1.517545e-8	-1.0211694e-6
3.4186394259	0.725	-1.977328e-8	-1.2352296e-6
3.3686394259	0.725	-2.573552e-8	-1.492473e-6
3.3186394259	0.725	-3.345738e-8	-1.801191e-6
3.2686394259	0.725	-4.344596e-8	-2.171169e-6
3.2186394259	0.725	-5.634978e-8	-2.613923e-6
3.1686394259	0.725	-7.29982e-8	-3.142986e-6
3.1186394259	0.725	-9.444979e-8	-3.774225e-6
3.0686394259	0.725	-1.2204807e-7	-4.526094e-6
3.0186394259	0.725	-1.5752695e-7	-5.420581e-6
2.9686394259	0.725	-2.030193e-7	-6.482011e-6
2.9186394259	0.725	-2.613646e-7	-7.740955e-6
2.8686394259	0.725	-3.358099e-7	-9.227049e-6
2.8186394259	0.725	-4.315084e-7	-0.000010990995
2.7686394259	0.725	-5.53367e-7	-0.000013066562
2.7186394259	0.725	-7.083887e-7	-0.00001550483
2.6686394259	0.725	-9.0641e-7	-0.00001837842
2.6186394259	0.725	-1.1580243e-6	-0.0000217454
2.5686394259	0.725	-1.4773405e-6	-0.00002568263
2.5186394259	0.725	-1.882927e-6	-0.00003028728
2.4686394259	0.725	-2.397008e-6	-0.00003565587
2.4186394259	0.725	-3.047471e-6	-0.00004189637
2.3686394259	0.725	-3.873021e-6	-0.00004917106
2.3186394259	0.725	-4.915823e-6	-0.00005759044
2.2686394259	0.725	-6.234372e-6	-0.0000673344
2.2186394259	0.725	-7.903055e-6	-0.00007860747
2.1686394259	0.725	-0.000010014362	-0.0000916207
2.1186394259	0.725	-0.00001268692	-0.0001066184
2.0686394259	0.725	-0.00001607623	-0.0001239059
2.0186394259	0.725	-0.00002038009	-0.0001438038
1.9686394259	0.725	-0.00002586339	-0.0001667383
1.9186394259	0.725	-0.00003287104	-0.0001931702
1.8686394259	0.725	-0.00004187997	-0.0002237757
1.8186394259	0.725	-0.0000535549	-0.000259444
1.7686394259	0.725	-0.0000688039	-0.000301217
1.7186394259	0.725	-0.0000872659	-0.000342049
1.6686394259	0.725	-0.0001162459	-0.000411368
1.6186394259	0.725	-0.000153877	-0.000486663
1.5686394259	0.725	-0.000207817	-0.000585145
1.5186394259	0.725	-0.000289556	-0.00072289
1.4686394259	0.725	-0.000426267	-0.00094268
1.4186394259	0.725	-0.00070651	-0.00138865
1.3686394259	0.725	-0.0006226	0.033433
3.8186394259	0.75	-2.16059e-9	-2.41302e-7
3.7686394259	0.75	-2.924939e-9	-2.962787e-7
3.7186394259	0.75	-3.831692e-9	-3.605874e-7
3.6686394259	0.75	-5.033691e-9	-4.388898e-7
3.6186394259	0.75	-6.58898e-9	-5.333147e-7
3.5686394259	0.75	-8.616283e-9	-6.474203e-7
3.5186394259	0.75	-1.1255933e-8	-7.851474e-7
3.4686394259	0.75	-1.468899e-8	-9.511858e-7
3.4186394259	0.75	-1.914879e-8	-1.1511075e-6
3.3686394259	0.75	-2.49343e-8	-1.391495e-6
3.3186394259	0.75	-3.243527e-8	-1.680248e-6
3.2686394259	0.75	-4.214298e-8	-2.026533e-6
3.2186394259	0.75	-5.469155e-8	-2.441249e-6
3.1686394259	0.75	-7.082951e-8	-2.935963e-6
3.1186394259	0.75	-9.17772e-8	-3.529347e-6
3.0686394259	0.75	-1.1870104e-7	-4.23598e-6
3.0186394259	0.75	-1.5331274e-7	-5.077e-6
2.9686394259	0.75	-1.977778e-7	-6.076882e-6
2.9186394259	0.75	-2.547308e-7	-7.262121e-6
2.8686394259	0.75	-3.274444e-7	-8.662524e-6
2.8186394259	0.75	-4.208028e-7	-0.000010324198
2.7686394259	0.75	-5.407709e-7	-0.000012295918
2.7186394259	0.75	-6.895572e-7	-0.00001456017
2.6686394259	0.75	-8.880277e-7	-0.0000173428
2.6186394259	0.75	-1.1354957e-6	-0.00002054427
2.5686394259	0.75	-1.451346e-6	-0.00002431208
2.5186394259	0.75	-1.848884e-6	-0.00002867828
2.4686394259	0.75	-2.360683e-6	-0.00003386499
2.4186394259	0.75	-3.007135e-6	-0.00003988349
2.3686394259	0.75	-3.82629e-6	-0.00004689278
2.3186394259	0.75	-4.86285e-6	-0.00005502855
2.2686394259	0.75	-6.183808e-6	-0.00006455361
2.2186394259	0.75	-7.846136e-6	-0.00007549718
2.1686394259	0.75	-9.71433e-6	-0.0000868575
2.1186394259	0.75	-0.00001264292	-0.0001029889
2.0686394259	0.75	-0.00001607659	-0.0001202846
2.0186394259	0.75	-0.00002043172	-0.0001401682
1.9686394259	0.75	-0.00002599441	-0.0001632247
1.9186394259	0.75	-0.00003313612	-0.0001900787
1.8686394259	0.75	-0.00004234743	-0.0002214204
1.8186394259	0.75	-0.0000543084	-0.000258171
1.7686394259	0.75	-0.0000700209	-0.000301859
1.7186394259	0.75	-0.0000908997	-0.000354274
1.6686394259	0.75	-0.0001191743	-0.000418604
1.6186394259	0.75	-0.0001584259	-0.000499853
1.5686394259	0.75	-0.000214965	-0.000607216
1.5186394259	0.75	-0.000301207	-0.00075969
1.4686394259	0.75	-0.000446248	-0.00100306
1.4186394259	0.75	-0.00074565	-0.00149337
1.3686394259	0.75	0.0007433	0.081631
3.8186394259	0.775	-2.096708e-9	-2.218549e-7
3.7686394259	0.775	-2.761147e-9	-2.707636e-7
3.7186394259	0.775	-3.639856e-9	-3.302051e-7
3.6686394259	0.775	-4.77359e-9	-4.018249e-7
3.6186394259	0.775	-6.269967e-9	-4.889236e-7
3.5686394259	0.775	-8.202502e-9	-5.93764e-7
3.5186394259	0.775	-1.0720056e-8	-7.203782e-7
3.4686394259	0.775	-1.399615e-8	-8.7311e-7
3.4186394259	0.775	-1.825447e-8	-1.0571267e-6
3.3686394259	0.775	-2.377569e-8	-1.27839e-6
3.3186394259	0.775	-3.095323e-8	-1.544697e-6
3.2686394259	0.775	-4.024045e-8	-1.864132e-6
3.2186394259	0.775	-5.225295e-8	-2.246978e-6
3.1686394259	0.775	-6.760153e-8	-2.701323e-6
3.1186394259	0.775	-8.684643e-8	-3.233131e-6
3.0686394259	0.775	-1.1296999e-7	-3.894257e-6
3.0186394259	0.775	-1.4660911e-7	-4.681465e-6
2.9686394259	0.775	-1.887781e-7	-5.59977e-6
2.9186394259	0.775	-2.436501e-7	-6.701963e-6
2.8686394259	0.775	-3.124959e-7	-7.986948e-6
2.8186394259	0.775	-4.022458e-7	-9.532513e-6
2.7686394259	0.775	-5.200219e-7	-0.00001140245
2.7186394259	0.775	-6.630082e-7	-0.00001350478
2.6686394259	0.775	-8.559325e-7	-0.00001612434
2.6186394259	0.775	-1.0963458e-6	-0.0000191358
2.5686394259	0.775	-1.3974738e-6	-0.00002262559
2.5186394259	0.775	-1.791804e-6	-0.00002682222
2.4686394259	0.775	-2.287873e-6	-0.00003169742
2.4186394259	0.775	-2.91313e-6	-0.00003734665
2.3686394259	0.775	-3.713386e-6	-0.00004400765
2.3186394259	0.775	-4.737158e-6	-0.00005185052
2.2686394259	0.775	-6.031478e-6	-0.00006095464
2.2186394259	0.775	-7.664935e-6	-0.00007143502
2.1686394259	0.775	-9.76172e-6	-0.0000838618
2.1186394259	0.775	-0.00001242111	-0.0000982343
2.0686394259	0.775	-0.00001580914	-0.000114948
2.0186394259	0.775	-0.00002011758	-0.0001343057
1.9686394259	0.775	-0.00002568896	-0.000157241
1.9186394259	0.775	-0.00003285258	-0.0001841679
1.8686394259	0.775	-0.00004192654	-0.0002139549
1.8186394259	0.775	-0.0000541661	-0.000252887
1.7686394259	0.775	-0.0000698168	-0.00029314
1.7186394259	0.775	-0.0000912816	-0.000351684
1.6686394259	0.775	-0.0001201241	-0.000418739
1.6186394259	0.775	-0.0001603652	-0.000504427
1.5686394259	0.775	-0.000218613	-0.000618748
1.5186394259	0.775	-0.000307913	-0.00078205
1.4686394259	0.775	-0.000457859	-0.00103172
1.4186394259	0.775	-0.00077357	-0.00157192
1.3686394259	0.775	0.0008705	0.09979
3.8186394259	0.8	-1.918475e-9	-1.988082e-7
3.7686394259	0.8	-2.397389e-9	-2.391704e-7
3.7186394259	0.8	-3.218007e-9	-2.93514e-7
3.6686394259	0.8	-4.303954e-9	-3.590217e-7
3.6186394259	0.8	-5.548301e-9	-4.306076e-7
3.5686394259	0.8	-7.045981e-9	-5.162006e-7
3.5186394259	0.8	-9.921029e-9	-6.47389e-7
3.4686394259	0.8	-1.3080495e-8	-7.869297e-7
3.4186394259	0.8	-1.706863e-8	-9.532529e-7
3.3686394259	0.8	-2.224965e-8	-1.1535387e-6
3.3186394259	0.8	-2.897303e-8	-1.39443e-6
3.2686394259	0.8	-3.768785e-8	-1.683801e-6
3.2186394259	0.8	-4.897092e-8	-2.030968e-6
3.1686394259	0.8	-6.35616e-8	-2.446926e-6
3.1186394259	0.8	-8.239142e-8	-2.944315e-6
3.0686394259	0.8	-1.0587908e-7	-3.522718e-6
3.0186394259	0.8	-1.3662329e-7	-4.223747e-6
2.9686394259	0.8	-1.76106e-7	-5.062848e-6
2.9186394259	0.8	-2.288829e-7	-6.080413e-6
2.8686394259	0.8	-2.950321e-7	-7.274773e-6
2.8186394259	0.8	-3.791821e-7	-8.673402e-6
2.7686394259	0.8	-4.878874e-7	-0.000010352339
2.7186394259	0.8	-6.293721e-7	-0.00001236126
2.6686394259	0.8	-8.043761e-7	-0.0000146652
2.6186394259	0.8	-1.0319253e-6	-0.00001743645
2.5686394259	0.8	-1.3178729e-6	-0.00002065612
2.5186394259	0.8	-1.689572e-6	-0.00002450659
2.4686394259	0.8	-2.172462e-6	-0.00002912051
2.4186394259	0.8	-2.771004e-6	-0.00003438464
2.3686394259	0.8	-3.546578e-6	-0.00004067938
2.3186394259	0.8	-4.518443e-6	-0.00004791863
2.2686394259	0.8	-5.766447e-6	-0.00005649022
2.2186394259	0.8	-7.34596e-6	-0.0000664404
2.1686394259	0.8	-9.31303e-6	-0.0000779252
2.1186394259	0.8	-0.00001194869	-0.0000918796
2.0686394259	0.8	-1.16274e-6	-0.000019862
2.0186394259	0.8	-0.00001946449	-0.000126685
1.9686394259	0.8	-0.00002486447	-0.0001485591
1.9186394259	0.8	0.00001375899	0.000095962
1.8686394259	0.8	-0.00004099765	-0.0002056517
1.8186394259	0.8	-0.0000528956	-0.000242425
1.7686394259	0.8	-0.0000685448	-0.000285895
1.7186394259	0.8	0.0004569297	0.003739345
1.6686394259	0.8	-0.0001185088	-0.000409055
1.6186394259	0.8	-0.0001588421	-0.000496453
1.5686394259	0.8	-0.000217486	-0.000613823
1.5186394259	0.8	-0.000307858	-0.000782473
1.4686394259	0.8	-0.000454199	-0.00101722
1.4186394259	0.8	-0.00078489	-0.00160392
1.3686394259	0.8	0.0009884	0.119957