8.93296897e-02 1.72611758e-01 2.38646761e-01 -1.52554968e-02 -1.43100783e-01 4.81828041e-02 -2.32182667e-01 -2.30932191e-01 -1.73799172e-01 1.92509964e-01 6.06859736e-02 -1.84056386e-01 9.35646072e-02 7.72298779e-03 2.29209498e-01 -1.17635630e-01 -3.25322449e-01 3.77418473e-03 -2.82668412e-01 1.14870980e-01 2.27350309e-01 4.55481678e-01 1.40380740e-01 2.33575433e-01 -1.78113446e-01 1.12933047e-01 -1.80852506e-02 1.32546365e-01 8.33154172e-02 9.31126475e-02 5.05321883e-02 8.50608125e-02 
-1.61349788e-01 7.05590993e-02 2.00418711e-01 6.59796968e-02 3.80955696e-01 2.86199182e-01 2.78249413e-01 3.34205896e-01 1.43471912e-01 2.19759673e-01 -7.49430880e-02 -7.76400790e-02 -6.97972327e-02 3.32797542e-02 -4.16327596e-01 -4.45919782e-01 2.74935931e-01 1.04102917e-01 3.29480469e-01 2.75070723e-02 1.22180693e-01 -2.24849135e-01 2.31223002e-01 2.38132611e-01 6.68979213e-02 2.15496883e-01 -2.17803583e-01 -5.06714918e-02 3.39670748e-01 2.93805480e-01 1.52373882e-02 -1.81958437e-01 
-8.85894075e-02 -2.39462033e-01 -9.69886109e-02 1.32259667e-01 -1.14538167e-02 2.05505699e-01 3.01898539e-01 1.57716289e-01 7.05693588e-02 1.72670692e-01 -6.64456412e-02 1.75772414e-01 -1.69442266e-01 6.41308650e-02 1.97165608e-01 3.22499007e-01 2.20773846e-01 9.37912688e-02 -2.21358374e-01 -1.65921375e-01 -2.22127154e-01 4.50711817e-01 -2.95661062e-01 1.70091286e-01 -5.09274602e-01 3.91126126e-02 6.34566471e-02 1.20914645e-01 -2.63180554e-01 -4.08795988e-03 -4.04878736e-01 3.40593994e-01 
-3.62665325e-01 -9.49077904e-02 1.67045549e-01 1.08774900e-01 -6.99644014e-02 1.22994475e-01 -4.18454736e-01 5.24184331e-02 -1.00167893e-01 -1.32361293e-01 1.68317407e-01 -6.00634851e-02 -6.77998513e-02 -2.67332137e-01 -1.24223024e-01 -7.68401325e-02 -1.38884917e-01 2.61215657e-01 -2.14250132e-01 -1.47766382e-01 -2.37418354e-01 1.55024916e-01 -2.98927128e-01 7.39399269e-02 3.82800043e-01 1.93994883e-02 -1.45593628e-01 -3.69375229e-01 -1.47121670e-02 -1.89837635e-01 -2.14568555e-01 -1.63835973e-01 
-2.35223591e-01 -8.82803947e-02 1.69682845e-01 1.44816637e-01 4.28058840e-02 2.86308639e-02 -9.99484137e-02 1.40251398e-01 2.90369660e-01 -1.60893515e-01 2.75284797e-01 2.46271104e-01 -6.51117275e-03 2.33270124e-01 3.77719432e-01 1.07260257e-01 4.29550409e-01 -2.30583295e-01 2.05365624e-02 -2.59338081e-01 -3.81413579e-01 1.51323736e-01 2.52529740e-01 2.12435231e-01 -9.87200662e-02 1.70207024e-01 9.99917686e-02 1.00601397e-01 2.11567372e-01 -4.99533191e-02 -9.86573398e-02 3.46096694e-01 
7.61985034e-02 1.70562398e-02 -1.59317017e-01 1.68171711e-02 -1.21815518e-01 -3.55251700e-01 -2.92350680e-01 -5.78696914e-02 6.12696726e-03 -1.55447677e-01 5.37188863e-03 -2.03324184e-01 2.95817992e-03 -3.70549336e-02 -1.74874421e-02 4.76489693e-01 -3.25266302e-01 -2.41799861e-01 -1.64844289e-01 -4.39752638e-01 1.42181218e-01 -5.56459790e-03 1.95503667e-01 4.57331166e-02 7.22400621e-02 7.99041465e-02 4.73008342e-02 -1.69614039e-03 -1.75378963e-01 -2.76184976e-01 -1.96196586e-01 9.36301202e-02 
-1.76197469e-01 -4.45610106e-01 -1.74076557e-01 -9.04743075e-02 3.72184766e-03 -5.60685918e-02 -1.45770356e-01 3.73451620e-01 -1.14610069e-01 -1.15314044e-01 6.56116456e-02 -1.30405247e-01 5.73545806e-02 1.82338551e-01 2.15350464e-02 -2.56629169e-01 1.56574219e-01 1.52662128e-01 4.35143486e-02 1.65398389e-01 -1.91054210e-01 3.27715129e-01 2.31403828e-01 -3.99552248e-02 7.76943862e-02 1.66914642e-01 2.53245473e-01 -1.64983764e-01 -1.48985803e-01 -3.70896049e-02 2.42438450e-01 -1.63493037e-01 
1.62906989e-01 -3.31139445e-01 2.61964053e-01 1.18954830e-01 -1.02261670e-01 -9.89602879e-02 -1.12157352e-02 -6.83330698e-03 -3.34062219e-01 4.79179978e-01 -1.83397591e-01 3.68496597e-01 -4.98642743e-01 5.86749464e-02 -2.69217402e-01 -2.04080105e-01 -2.79289365e-01 2.39428833e-01 -2.35505357e-01 -2.03377739e-01 -8.73979107e-02 -4.43590246e-02 1.77411988e-01 3.01567346e-01 -1.40988365e-01 -2.78979409e-02 -2.75341392e-01 -7.27386177e-02 -4.41365540e-02 1.22908212e-01 3.75473231e-01 3.17722797e-01 
-5.59367053e-02 4.13620472e-01 -2.21567079e-01 -1.79741576e-01 2.95102801e-02 -6.79490715e-02 -4.06085789e-01 1.19868323e-01 -4.20285732e-01 4.47856516e-01 4.65078533e-01 -5.02086915e-02 -4.68790978e-01 4.11886573e-01 -9.03021842e-02 5.64140566e-02 -5.05083725e-02 5.32025509e-02 3.93773228e-01 3.98791432e-01 2.47426644e-01 7.19521269e-02 -2.21020639e-01 3.12892467e-01 6.50438538e-04 -5.82181290e-02 -1.60265282e-01 4.17292774e-01 3.18946332e-01 -3.35443676e-01 7.80566260e-02 -8.74952823e-02 
-4.94096018e-02 1.52266473e-01 3.78350884e-01 -3.29661369e-01 -3.36069241e-02 2.01850653e-01 -5.50112054e-02 -3.41532449e-03 6.21382855e-02 -3.48002553e-01 2.15987802e-01 1.62116244e-01 8.26319382e-02 3.19572300e-01 1.62194520e-01 1.37380168e-01 1.43705130e-01 3.84837359e-01 -3.04595083e-01 3.80149819e-02 -3.35073054e-01 2.53085673e-01 4.04855549e-01 -1.36465803e-01 2.46361807e-01 9.65932682e-02 6.72623292e-02 2.67567754e-01 -1.58394754e-01 1.50672764e-01 -2.12686315e-01 -3.86650711e-01 
-3.07602733e-02 -1.44880518e-01 3.55167687e-01 3.66247058e-01 1.84174642e-01 6.69855773e-02 -4.22831982e-01 2.93876499e-01 -4.52316463e-01 1.62714481e-01 3.23794156e-01 2.63461888e-01 2.91450143e-01 -3.07334721e-01 -2.43422642e-01 -5.64044602e-02 5.23411389e-03 2.04261363e-01 9.95122939e-02 -3.18085194e-01 2.13910043e-01 -5.36282808e-02 1.06204413e-01 4.12803501e-01 3.23431164e-01 2.91220546e-02 -1.82953805e-01 1.81380764e-01 -3.97196203e-01 -2.91701645e-01 2.20562592e-01 1.26640737e-01 
-3.65262151e-01 -3.48685086e-01 -1.86982587e-01 1.04533233e-01 6.68607652e-02 3.46703678e-01 2.24111993e-02 -3.66883248e-01 3.20198610e-02 -8.26782659e-02 1.82955965e-01 -3.55556935e-01 1.01887500e-02 4.35632765e-01 -7.29724690e-02 7.18644634e-02 4.04668629e-01 -3.72049302e-01 3.46213877e-02 4.75618988e-01 3.80770899e-02 -1.97868556e-01 -6.63388893e-02 -6.80309609e-02 1.35600507e-01 2.93699354e-02 2.25350469e-01 1.49104342e-01 -3.54755431e-01 5.32257482e-02 4.29744050e-02 -8.50639045e-02 
-3.75741452e-01 -1.65726870e-01 1.77078489e-02 -3.22058171e-01 2.72005379e-01 3.79907191e-02 -4.50372919e-02 -9.97865796e-02 1.47065893e-01 -1.03132240e-01 1.70592554e-02 2.58445591e-01 -2.25247696e-01 4.42442577e-03 -1.06146969e-01 -1.08579993e-01 1.93015020e-02 1.59976650e-02 -6.14102408e-02 1.73106924e-01 1.03807608e-02 2.40329683e-01 2.58189023e-01 -1.54028416e-01 1.02754794e-01 -1.58969551e-01 -2.11606622e-01 -4.99444231e-02 -3.17489117e-01 -2.16744676e-01 -2.82069921e-01 1.19616397e-01 
1.25162455e-03 -4.54171896e-02 -6.65534928e-04 2.13418096e-01 3.23741101e-02 3.04868579e-01 -3.14725995e-01 6.76607192e-02 2.69815326e-01 -1.22376762e-01 2.17587333e-02 -4.93279509e-02 -1.49883851e-01 -3.84864122e-01 2.88394690e-01 -2.15314716e-01 2.75099035e-02 4.74570952e-02 7.01814592e-02 1.26332179e-01 1.86082378e-01 -1.74421415e-01 4.44249772e-02 2.31740281e-01 2.75750965e-01 3.02083403e-01 -1.60864741e-02 -2.79960595e-02 2.62840897e-01 -3.27411592e-01 -2.37458780e-01 -2.26608381e-01 
3.14369887e-01 6.46423623e-02 -2.45182663e-01 -4.79195789e-02 -1.14665620e-01 -1.67910397e-01 -2.88135350e-01 6.35689348e-02 1.98746566e-02 4.71627265e-01 -2.19347447e-01 -2.26344749e-01 -3.98225933e-01 5.38461208e-02 -5.82236312e-02 3.20315540e-01 5.67115583e-02 4.86896813e-01 -7.64725357e-02 -5.64515218e-02 1.91431776e-01 4.48358089e-01 -1.97707593e-01 -8.04713517e-02 6.85426369e-02 -2.10032854e-02 2.53844056e-02 -7.18300194e-02 -1.57315597e-01 4.16520461e-02 1.76163539e-01 3.39416772e-01 
4.06127185e-01 -2.55582124e-01 -3.89238536e-01 -1.44032225e-01 -2.23469451e-01 -2.00434327e-01 -1.55182779e-01 -4.14538264e-01 4.91679370e-01 6.43858165e-02 -3.80187958e-01 4.01450366e-01 -1.94968462e-01 -4.55944747e-01 -1.80416688e-01 1.36880025e-01 -2.08302721e-01 1.91746815e-03 1.71814993e-01 5.53364269e-02 1.62634388e-01 3.47535282e-01 2.32715666e-01 -5.98908886e-02 -1.47751644e-01 1.88645422e-01 -1.60703272e-01 9.62557867e-02 1.56028150e-02 2.40910798e-01 -1.02373533e-01 -1.66083890e-04 
