0.0000000000000000
0.0074699472287442
0.0149398944574884
0.0224098416862326
0.0298797889149768
0.0373497361437210
0.0448196833724652
0.0522896306012094
0.0597595778299536
0.0672295250586978
0.0746994722874420
0.0821694195161862
0.0896393667449304
0.0971093139736746
0.1045792612024188
0.1120492084311630
0.1195191556599072
0.1269891028886515
0.1344590501173956
0.1419289973461398
0.1493989445748841
0.1568688918036283
0.1643388390323725
0.1718087862611166
0.1792787334898609
0.1867486807186051
0.1942186279473493
0.2016885751760935
0.2091585224048377
0.2166284696335819
0.2240984168623261
0.2315683640910703
0.2390383113198145
0.2465082585485587
0.2539782057773029
0.2614481530060471
0.2689181002347913
0.2763880474635355
0.2838579946922797
0.2913279419210239
0.2987978891497681
0.3062678363785123
0.3137377836072565
0.3212077308360007
0.3286776780647449
0.3361476252934891
0.3436175725222333
0.3510875197509775
0.3585574669797217
0.3660274142084659
0.3734973614372101
0.3809673086659544
0.3884372558946985
0.3959072031234427
0.4033771503521870
0.4108470975809311
0.4183170448096754
0.4257869920384196
0.4332569392671637
0.4407268864959080
0.4481968337246521
0.4556667809533964
0.4631367281821406
0.4706066754108847
0.4780766226396290
0.4855465698683732
0.4930165170971174
0.5004864643258615
0.5079564115546058
0.5154263587833500
0.5228963060120941
0.5303662532408384
0.5378362004695826
0.5453061476983267
0.5527760949270710
0.5602460421558152
0.5677159893845594
0.5751859366133036
0.5826558838420478
0.5901258310707920
0.5975957782995363
0.6050657255282804
0.6125356727570246
0.6200056199857689
0.6274755672145130
0.6349455144432572
0.6424154616720015
0.6498854089007456
0.6573553561294898
0.6648253033582341
0.6722952505869783
0.6797651978157224
0.6872351450444666
0.6947050922732109
0.7021750395019550
0.7096449867306992
0.7171149339594435
0.7245848811881876
0.7320548284169318
0.7395247756456761
0.7469947228744203
0.7544646701031644
0.7619346173319087
0.7694045645606529
0.7768745117893970
0.7843444590181413
0.7918144062468855
0.7992843534756296
0.8067543007043739
0.8142242479331181
0.8216941951618623
0.8291641423906065
0.8366340896193507
0.8441040368480949
0.8515739840768392
0.8590439313055833
0.8665138785343275
0.8739838257630717
0.8814537729918159
0.8889237202205601
0.8963936674493043
0.9038636146780485
0.9113335619067927
0.9188035091355369
0.9262734563642812
0.9337434035930253
0.9412133508217695
0.9486832980505138
