1.3686394259	0	5.3489022	5.3489022
1.4186394259	0	4.5763254	4.5763254
1.4686394259	0	3.8532997	3.8532997
1.5186394259	0	3.1738056	3.1738056
1.5686394259	0	2.5326985	2.5326985
1.6186394259	0	1.9255631	1.9255631
1.6686394259	0	1.3485956	1.3485956
1.7186394259	0	0.7985069	0.7985069
1.7686394259	0	0.2724439	0.2724439
1.8186394259	0	-0.2320756	-0.2320756
1.8686394259	0	-0.7172174	-0.7172174
1.9186394259	0	-1.1848752	-1.1848752
1.9686394259	0	-1.6367089	-1.6367089
2.0186394259	0	-2.0741754	-2.0741754
2.0686394259	0	-2.4985561	-2.4985561
2.1186394259	0	-2.910979	-2.910979
2.1686394259	0	-3.3124382	-3.3124382
2.2186394259	0	-3.7038104	-3.7038104
2.2686394259	0	-4.0858691	-4.0858691
2.3186394259	0	-4.459297	-4.459297
2.3686394259	0	-4.8246967	-4.8246967
2.4186394259	0	-5.1825997	-5.1825997
2.4686394259	0	-5.5334747	-5.5334747
2.5186394259	0	-5.877735	-5.877735
2.5686394259	0	-6.2157444	-6.2157444
2.6186394259	0	-6.5478228	-6.5478228
2.6686394259	0	-6.8742513	-6.8742513
2.7186394259	0	-7.1952766	-7.1952766
2.7686394259	0	-7.5111148	-7.5111148
2.8186394259	0	-7.8219548	-7.8219548
2.8686394259	0	-8.1279616	-8.1279616
2.9186394259	0	-8.4292791	-8.4292791
2.9686394259	0	-8.7260325	-8.7260325
3.0186394259	0	-9.0183305	-9.0183305
3.0686394259	0	-9.3062676	-9.3062676
3.1186394259	0	-9.5899256	-9.5899256
3.1686394259	0	-9.8693755	-9.8693755
3.2186394259	0	-10.1446789	-10.1446789
3.2686394259	0	-10.415889	-10.415889
3.3186394259	0	-10.6830526	-10.6830526
3.3686394259	0	-10.94621	-10.9462101
3.4186394259	0	-11.205397	-11.2053974
3.4686394259	0	-11.460646	-11.4606461
3.5186394259	0	-11.711985	-11.7119846
3.5686394259	0	-11.959439	-11.9594388
3.6186394259	0	-12.203032	-12.2030323
3.6686394259	0	-12.442787	-12.4427873
3.7186394259	0	-12.678725	-12.6787251
3.7686394259	0	-12.910866	-12.910866
3.8186394259	0	-13.139231	-13.139231
1.3686394259	0.025	5.264	5.2681
1.4186394259	0.025	4.43006	4.43402
1.4686394259	0.025	3.71111	3.71619
1.5186394259	0.025	3.04025	3.0465
1.5686394259	0.025	2.40796	2.41536
1.6186394259	0.025	1.80892	1.81746
1.6686394259	0.025	1.23914	1.24878
1.7186394259	0.025	0.69533	0.70605
1.7686394259	0.025	0.17471	0.186492
1.8186394259	0.025	-0.32512	-0.312297
1.8686394259	0.025	-0.806234	-0.79239
1.9186394259	0.025	-1.27045	-1.2556
1.9686394259	0.025	-1.719356	-1.703514
2.0186394259	0.025	-2.154346	-2.137526
2.0686394259	0.025	-2.576647	-2.55886
2.1186394259	0.025	-2.987341	-2.968596
2.1686394259	0.025	-3.38738	-3.367687
2.2186394259	0.025	-3.777605	-3.756972
2.2686394259	0.025	-4.15876	-4.137194
2.3186394259	0.025	-4.531499	-4.509007
2.3686394259	0.025	-4.896403	-4.872991
2.4186394259	0.025	-5.253982	-5.229656
2.4686394259	0.025	-5.604687	-5.579453
2.5186394259	0.025	-5.948916	-5.922778
2.5686394259	0.025	-6.287018	-6.259982
2.6186394259	0.025	-6.619301	-6.591371
2.6686394259	0.025	-6.946036	-6.917217
2.7186394259	0.025	-7.26746	-7.237757
2.7686394259	0.025	-7.583779	-7.553196
2.8186394259	0.025	-7.895175	-7.863718
2.8686394259	0.025	-8.201807	-8.16948
2.9186394259	0.025	-8.50381	-8.470619
2.9686394259	0.025	-8.80131	-8.767256
3.0186394259	0.025	-9.0944	-9.059493
3.0686394259	0.025	-9.38317	-9.347421
3.1186394259	0.025	-9.66771	-9.631117
3.1686394259	0.025	-9.94808	-9.910649
3.2186394259	0.025	-10.22434	-10.186075
3.2686394259	0.025	-10.49653	-10.457444
3.3186394259	0.025	-10.7647	-10.7248
3.3686394259	0.025	-11.02889	-10.988181
3.4186394259	0.025	-11.289134	-11.24762
3.4686394259	0.025	-11.545455	-11.503147
3.5186394259	0.025	-11.79788	-11.754787
3.5686394259	0.025	-12.04644	-12.002565
3.6186394259	0.025	-12.291149	-12.246502
3.6686394259	0.025	-12.532028	-12.486618
3.7186394259	0.025	-12.769098	-12.722934
3.7686394259	0.025	-13.002377	-12.955467
3.8186394259	0.025	-13.231884	-13.184237
1.3686394259	0.05	5.2521	5.2816
1.4186394259	0.05	4.3305	4.3505
1.4686394259	0.05	3.59641	3.61976
1.5186394259	0.05	2.92142	2.94897
1.5686394259	0.05	2.28811	2.32
1.6186394259	0.05	1.68893	1.72517
1.6686394259	0.05	1.11912	1.15966
1.7186394259	0.05	0.57508	0.61986
1.7686394259	0.05	0.05391	0.102854
1.8186394259	0.05	-0.44683	-0.393776
1.8686394259	0.05	-0.9292	-0.872107
1.9186394259	0.05	-1.395018	-1.333929
1.9686394259	0.05	-1.845831	-1.780799
2.0186394259	0.05	-2.28301	-2.214081
2.0686394259	0.05	-2.707755	-2.634967
2.1186394259	0.05	-3.12112	-3.044511
2.1686394259	0.05	-3.524035	-3.443636
2.2186394259	0.05	-3.91732	-3.833161
2.2686394259	0.05	-4.301699	-4.213806
2.3186394259	0.05	-4.677809	-4.586207
2.3686394259	0.05	-5.046214	-4.950925
2.4186394259	0.05	-5.407412	-5.308458
2.4686394259	0.05	-5.761842	-5.659241
2.5186394259	0.05	-6.109888	-6.00366
2.5686394259	0.05	-6.451892	-6.342055
2.6186394259	0.05	-6.788151	-6.674723
2.6686394259	0.05	-7.118927	-7.001926
2.7186394259	0.05	-7.444449	-7.323894
2.7686394259	0.05	-7.764918	-7.640826
2.8186394259	0.05	-8.080509	-7.952898
2.8686394259	0.05	-8.39137	-8.260263
2.9186394259	0.05	-8.69764	-8.563051
2.9686394259	0.05	-8.99943	-8.861379
3.0186394259	0.05	-9.29683	-9.155345
3.0686394259	0.05	-9.58994	-9.445035
3.1186394259	0.05	-9.87882	-9.730523
3.1686394259	0.05	-10.16354	-10.011872
3.2186394259	0.05	-10.44415	-10.289137
3.2686394259	0.05	-10.7207	-10.562365
3.3186394259	0.05	-10.99322	-10.831597
3.3686394259	0.05	-11.26176	-11.096867
3.4186394259	0.05	-11.52633	-11.358207
3.4686394259	0.05	-11.78697	-11.615642
3.5186394259	0.05	-12.04371	-11.8692
3.5686394259	0.05	-12.29655	-12.11889
3.6186394259	0.05	-12.54552	-12.36475
3.6686394259	0.05	-12.79063	-12.60679
3.7186394259	0.05	-13.03191	-12.84502
3.7686394259	0.05	-13.26937	-13.07947
3.8186394259	0.05	-13.50302	-13.31015
1.3686394259	0.075	5.2403	5.3322
1.4186394259	0.075	4.2505	4.3078
1.4686394259	0.075	3.49299	3.55473
1.5186394259	0.075	2.80539	2.87516
1.5686394259	0.075	2.16337	2.24213
1.6186394259	0.075	1.5571	1.64515
1.6686394259	0.075	0.98086	1.07824
1.7186394259	0.075	0.43062	0.53731
1.7686394259	0.075	-0.09671	0.019188
1.8186394259	0.075	-0.60369	-0.478663
1.8686394259	0.075	-1.09243	-0.958376
1.9186394259	0.075	-1.564742	-1.421763
1.9686394259	0.075	-2.022207	-1.870386
2.0186394259	0.075	-2.466183	-2.305602
2.0686394259	0.075	-2.897863	-2.728597
2.1186394259	0.075	-3.318292	-3.140409
2.1686394259	0.075	-3.72839	-3.541952
2.2186394259	0.075	-4.128966	-3.934029
2.2686394259	0.075	-4.520734	-4.31735
2.3186394259	0.075	-4.904322	-4.692538
2.3686394259	0.075	-5.280285	-5.060146
2.4186394259	0.075	-5.649112	-5.420658
2.4686394259	0.075	-6.011233	-5.774504
2.5186394259	0.075	-6.367026	-6.122061
2.5686394259	0.075	-6.716824	-6.46366
2.6186394259	0.075	-7.060919	-6.799592
2.6686394259	0.075	-7.399566	-7.130113
2.7186394259	0.075	-7.732987	-7.455445
2.7686394259	0.075	-8.06138	-7.775785
2.8186394259	0.075	-8.3849	-8.091301
2.8686394259	0.075	-8.70372	-8.402141
2.9186394259	0.075	-9.01794	-8.708434
2.9686394259	0.075	-9.32768	-9.010289
3.0186394259	0.075	-9.63303	-9.307803
3.0686394259	0.075	-9.93407	-9.601056
3.1186394259	0.075	-10.23088	-9.890119
3.1686394259	0.075	-10.5235	-10.175052
3.2186394259	0.075	-10.81199	-10.455907
3.2686394259	0.075	-11.09639	-10.732727
3.3186394259	0.075	-11.37673	-11.00555
3.3686394259	0.075	-11.65304	-11.274409
3.4186394259	0.075	-11.92536	-11.53933
3.4686394259	0.075	-12.19369	-11.80034
3.5186394259	0.075	-12.45806	-12.05746
3.5686394259	0.075	-12.71849	-12.3107
3.6186394259	0.075	-12.975	-12.56009
3.6686394259	0.075	-13.22759	-12.80564
3.7186394259	0.075	-13.47627	-13.04737
3.7686394259	0.075	-13.72108	-13.28528
3.8186394259	0.075	-13.962	-13.51941
1.3686394259	0.1	5.1911	5.4003
1.4186394259	0.1	4.1662	4.294
1.4686394259	0.1	3.38354	3.51352
1.5186394259	0.1	2.6781	2.81963
1.5686394259	0.1	2.02153	2.17747
1.6186394259	0.1	1.40233	1.57377
1.6686394259	0.1	0.81399	1.00137
1.7186394259	0.1	0.25209	0.45555
1.7686394259	0.1	-0.28669	-0.067156
1.8186394259	0.1	-0.80503	-0.569466
1.8686394259	0.1	-1.3051	-1.053608
1.9186394259	0.1	-1.788758	-1.521448
1.9686394259	0.1	-2.257602	-1.974579
2.0186394259	0.1	-2.713005	-2.414374
2.0686394259	0.1	-3.156163	-2.842025
2.1186394259	0.1	-3.588125	-3.258572
2.1686394259	0.1	-4.009808	-3.664927
2.2186394259	0.1	-4.422021	-4.06189
2.2686394259	0.1	-4.825471	-4.450166
2.3186394259	0.1	-5.220786	-4.830374
2.3686394259	0.1	-5.608515	-5.203061
2.4186394259	0.1	-5.989141	-5.568708
2.4686394259	0.1	-6.36309	-5.927736
2.5186394259	0.1	-6.730737	-6.28052
2.5686394259	0.1	-7.092407	-6.627384
2.6186394259	0.1	-7.448388	-6.968617
2.6686394259	0.1	-7.79893	-7.304468
2.7186394259	0.1	-8.14425	-7.635156
2.7686394259	0.1	-8.48453	-7.960873
2.8186394259	0.1	-8.81995	-8.281784
2.8686394259	0.1	-9.15064	-8.598034
2.9186394259	0.1	-9.47671	-8.909745
2.9686394259	0.1	-9.79828	-9.217024
3.0186394259	0.1	-10.11544	-9.519965
3.0686394259	0.1	-10.42825	-9.818643
3.1186394259	0.1	-10.73678	-10.113128
3.1686394259	0.1	-11.04108	-10.403475
3.2186394259	0.1	-11.3412	-10.689732
3.2686394259	0.1	-11.63716	-10.97194
3.3186394259	0.1	-11.92901	-11.250134
3.3686394259	0.1	-12.21677	-11.524343
3.4186394259	0.1	-12.50045	-11.79459
3.4686394259	0.1	-12.78007	-12.0609
3.5186394259	0.1	-13.05565	-12.32329
3.5686394259	0.1	-13.3272	-12.58178
3.6186394259	0.1	-13.59473	-12.83637
3.6686394259	0.1	-13.85826	-13.08709
3.7186394259	0.1	-14.11778	-13.33395
3.7686394259	0.1	-14.37331	-13.57696
3.8186394259	0.1	-14.62486	-13.81614
1.3686394259	0.125	5.0732	5.4738
1.4186394259	0.125	4.0537	4.3
1.4686394259	0.125	3.2487	3.4895
1.5186394259	0.125	2.52282	2.7772
1.5686394259	0.125	1.84747	2.12171
1.6186394259	0.125	1.21053	1.5073
1.6686394259	0.125	0.60508	0.92564
1.7186394259	0.125	0.02646	0.3714
1.7686394259	0.125	-0.52882	-0.15921
1.8186394259	0.125	-1.06349	-0.669126
1.8686394259	0.125	-1.57981	-1.160691
1.9186394259	0.125	-2.07968	-1.63585
1.9686394259	0.125	-2.564695	-2.096244
2.0186394259	0.125	-3.03626	-2.543277
2.0686394259	0.125	-3.495581	-2.978161
2.1186394259	0.125	-3.943712	-3.401949
2.1686394259	0.125	-4.381574	-3.81556
2.2186394259	0.125	-4.809978	-4.2198
2.2686394259	0.125	-5.229633	-4.615373
2.3186394259	0.125	-5.641164	-5.002901
2.3686394259	0.125	-6.045121	-5.38293
2.4186394259	0.125	-6.441983	-5.755938
2.4686394259	0.125	-6.832175	-6.122347
2.5186394259	0.125	-7.21607	-6.482528
2.5686394259	0.125	-7.59398	-6.836803
2.6186394259	0.125	-7.96619	-7.185458
2.6686394259	0.125	-8.33296	-7.528739
2.7186394259	0.125	-8.69449	-7.866864
2.7686394259	0.125	-9.05096	-8.200019
2.8186394259	0.125	-9.40254	-8.528367
2.8686394259	0.125	-9.74935	-8.85205
2.9186394259	0.125	-10.09151	-9.171187
2.9686394259	0.125	-10.42913	-9.485882
3.0186394259	0.125	-10.76227	-9.796223
3.0686394259	0.125	-11.09101	-10.102286
3.1186394259	0.125	-11.41541	-10.404134
3.1686394259	0.125	-11.7355	-10.70182
3.2186394259	0.125	-12.05133	-10.995389
3.2686394259	0.125	-12.36293	-11.284878
3.3186394259	0.125	-12.67032	-11.570319
3.3686394259	0.125	-12.97351	-11.85174
3.4186394259	0.125	-13.27253	-12.12916
3.4686394259	0.125	-13.56739	-12.40259
3.5186394259	0.125	-13.85808	-12.67206
3.5686394259	0.125	-14.14462	-12.93758
3.6186394259	0.125	-14.42702	-13.19915
3.6686394259	0.125	-14.70527	-13.4568
3.7186394259	0.125	-14.97939	-13.71052
3.7686394259	0.125	-15.24937	-13.96034
3.8186394259	0.125	-15.51523	-14.20626
1.3686394259	0.15	4.8547	5.5435
1.4186394259	0.15	3.8869	4.318
1.4686394259	0.15	3.066	3.4767
1.5186394259	0.15	2.3194	2.7428
1.5686394259	0.15	1.62244	2.07043
1.6186394259	0.15	0.96384	1.44171
1.6686394259	0.15	0.33684	0.84729
1.7186394259	0.15	-0.26323	0.28127
1.7686394259	0.15	-0.83985	-0.260486
1.8186394259	0.15	-1.39579	-0.78111
1.8686394259	0.15	-1.93332	-1.283087
1.9186394259	0.15	-2.45434	-1.768451
1.9686394259	0.15	-2.96048	-2.238904
2.0186394259	0.15	-3.453148	-2.695892
2.0686394259	0.15	-3.933555	-3.140656
2.1186394259	0.15	-4.402761	-3.574271
2.1686394259	0.15	-4.861694	-3.997671
2.2186394259	0.15	-5.311164	-4.411671
2.2686394259	0.15	-5.75189	-4.816984
2.3186394259	0.15	-6.18448	-5.214237
2.3686394259	0.15	-6.6095	-5.603979
2.4186394259	0.15	-7.02742	-5.986691
2.4686394259	0.15	-7.43866	-6.362795
2.5186394259	0.15	-7.8436	-6.732661
2.5686394259	0.15	-8.24254	-7.096614
2.6186394259	0.15	-8.63577	-7.454935
2.6686394259	0.15	-9.02352	-7.807872
2.7186394259	0.15	-9.40601	-8.155639
2.7686394259	0.15	-9.78341	-8.498421
2.8186394259	0.15	-10.15587	-8.836379
2.8686394259	0.15	-10.52351	-9.169649
2.9186394259	0.15	-10.88646	-9.49835
2.9686394259	0.15	-11.24478	-9.822583
3.0186394259	0.15	-11.59857	-10.142432
3.0686394259	0.15	-11.94788	-10.45797
3.1186394259	0.15	-12.29275	-10.769255
3.1686394259	0.15	-12.63323	-11.076339
3.2186394259	0.15	-12.96934	-11.379263
3.2686394259	0.15	-13.3011	-11.67806
3.3186394259	0.15	-13.62854	-11.97276
3.3686394259	0.15	-13.95165	-12.26338
3.4186394259	0.15	-14.27046	-12.54994
3.4686394259	0.15	-14.58495	-12.83246
3.5186394259	0.15	-14.89514	-13.11095
3.5686394259	0.15	-15.20101	-13.38542
3.6186394259	0.15	-15.50257	-13.65588
3.6686394259	0.15	-15.79982	-13.92233
3.7186394259	0.15	-16.09276	-14.18478
3.7686394259	0.15	-16.38138	-14.44325
3.8186394259	0.15	-16.66568	-14.69773
1.3686394259	0.175	4.5001	5.6012
1.4186394259	0.175	3.6358	4.3409
1.4686394259	0.175	2.8088	3.469
1.5186394259	0.175	2.0431	2.7113
1.5686394259	0.175	1.323	2.01892
1.6186394259	0.175	0.63966	1.37259
1.6686394259	0.175	-0.01286	0.76208
1.7186394259	0.175	-0.63883	0.181
1.7686394259	0.175	-1.24156	-0.375092
1.8186394259	0.175	-1.82371	-0.909539
1.8686394259	0.175	-2.38752	-1.42496
1.9186394259	0.175	-2.93486	-1.923482
1.9686394259	0.175	-3.46734	-2.406876
2.0186394259	0.175	-3.98636	-2.876636
2.0686394259	0.175	-4.49313	-3.334041
2.1186394259	0.175	-4.98872	-3.780192
2.1686394259	0.175	-5.47403	-4.216043
2.2186394259	0.175	-5.9499	-4.642425
2.2686394259	0.175	-6.41701	-5.060065
2.3186394259	0.175	-6.87601	-5.469596
2.3686394259	0.175	-7.32744	-5.871574
2.4186394259	0.175	-7.77177	-6.266486
2.4686394259	0.175	-8.20942	-6.654757
2.5186394259	0.175	-8.64074	-7.03676
2.5686394259	0.175	-9.06607	-7.41282
2.6186394259	0.175	-9.48566	-7.783219
2.6686394259	0.175	-9.89975	-8.148205
2.7186394259	0.175	-10.30854	-8.507989
2.7686394259	0.175	-10.7122	-8.862757
2.8186394259	0.175	-11.11087	-9.212666
2.8686394259	0.175	-11.50468	-9.557851
2.9186394259	0.175	-11.89371	-9.898429
2.9686394259	0.175	-12.27805	-10.234496
3.0186394259	0.175	-12.65776	-10.566134
3.0686394259	0.175	-13.03289	-10.893412
3.1186394259	0.175	-13.40348	-11.216386
3.1686394259	0.175	-13.76956	-11.535102
3.2186394259	0.175	-14.13115	-11.8496
3.2686394259	0.175	-14.48825	-12.1599
3.3186394259	0.175	-14.84088	-12.46604
3.3686394259	0.175	-15.18902	-12.76804
3.4186394259	0.175	-15.53269	-13.06589
3.4686394259	0.175	-15.87187	-13.35963
3.5186394259	0.175	-16.20656	-13.64925
3.5686394259	0.175	-16.53674	-13.93477
3.6186394259	0.175	-16.8624	-14.21618
3.6686394259	0.175	-17.18353	-14.49349
3.7186394259	0.175	-17.50013	-14.76671
3.7686394259	0.175	-17.81218	-15.03583
3.8186394259	0.175	-18.11967	-15.30087
1.3686394259	0.2	3.9677	5.6389
1.4186394259	0.2	3.2646	4.3618
1.4686394259	0.2	2.4444	3.4603
1.5186394259	0.2	1.6631	2.677
1.5686394259	0.2	0.9196	1.96199
1.6186394259	0.2	0.2092	1.29496
1.6686394259	0.2	-0.47237	0.66514
1.7186394259	0.2	-1.12852	0.06576
1.7686394259	0.2	-1.7621	-0.5079
1.8186394259	0.2	-2.37556	-1.059349
1.8686394259	0.2	-2.97096	-1.591339
1.9186394259	0.2	-3.55009	-2.106091
1.9686394259	0.2	-4.11452	-2.605444
2.0186394259	0.2	-4.6656	-3.090944
2.0686394259	0.2	-5.20451	-3.563912
2.1186394259	0.2	-5.7323	-4.025478
2.1686394259	0.2	-6.24989	-4.476623
2.2186394259	0.2	-6.75807	-4.918196
2.2686394259	0.2	-7.25755	-5.350939
2.3186394259	0.2	-7.74895	-5.775497
2.3686394259	0.2	-8.2328	-6.192436
2.4186394259	0.2	-8.70958	-6.60225
2.4686394259	0.2	-9.1797	-7.005368
2.5186394259	0.2	-9.64351	-7.402169
2.5686394259	0.2	-10.10131	-7.792978
2.6186394259	0.2	-10.55337	-8.17808
2.6686394259	0.2	-10.99991	-8.557723
2.7186394259	0.2	-11.44113	-8.932118
2.7686394259	0.2	-11.87718	-9.30145
2.8186394259	0.2	-12.30819	-9.665874
2.8686394259	0.2	-12.73427	-10.025524
2.9186394259	0.2	-13.15551	-10.380512
2.9686394259	0.2	-13.57197	-10.730933
3.0186394259	0.2	-13.9837	-11.076865
3.0686394259	0.2	-14.39075	-11.418373
3.1186394259	0.2	-14.79313	-11.755509
3.1686394259	0.2	-15.19087	-12.08832
3.2186394259	0.2	-15.58396	-12.41683
3.2686394259	0.2	-15.9724	-12.74107
3.3186394259	0.2	-16.35619	-13.06106
3.3686394259	0.2	-16.73531	-13.37681
3.4186394259	0.2	-17.10976	-13.68834
3.4686394259	0.2	-17.4795	-13.99564
3.5186394259	0.2	-17.84452	-14.29873
3.5686394259	0.2	-18.20479	-14.5976
3.6186394259	0.2	-18.5603	-14.89226
3.6686394259	0.2	-18.91103	-15.1827
3.7186394259	0.2	-19.25694	-15.46893
3.7686394259	0.2	-19.59802	-15.75095
3.8186394259	0.2	-19.93426	-16.02875
1.3686394259	0.225	3.2069	5.6479
1.4186394259	0.225	2.7297	4.3734
1.4686394259	0.225	1.9321	3.4442
1.5186394259	0.225	1.1408	2.634
1.5686394259	0.225	0.3748	1.89378
1.6186394259	0.225	-0.3644	1.20308
1.6686394259	0.225	-1.07823	0.55077
1.7186394259	0.225	-1.76872	-0.07021
1.7686394259	0.225	-2.43802	-0.66474
1.8186394259	0.225	-3.0881	-1.236495
1.8686394259	0.225	-3.72077	-1.788334
1.9186394259	0.225	-4.33764	-2.322561
1.9686394259	0.225	-4.94016	-2.841083
2.0186394259	0.225	-5.5296	-3.3455
2.0686394259	0.225	-6.10709	-3.83717
2.1186394259	0.225	-6.67364	-4.31726
2.1686394259	0.225	-7.23014	-4.786777
2.2186394259	0.225	-7.77736	-5.246592
2.2686394259	0.225	-8.316	-5.697463
2.3186394259	0.225	-8.84664	-6.140051
2.3686394259	0.225	-9.36983	-6.574933
2.4186394259	0.225	-9.88601	-7.00261
2.4686394259	0.225	-10.39559	-7.42352
2.5186394259	0.225	-10.89891	-7.838046
2.5686394259	0.225	-11.39625	-8.246516
2.6186394259	0.225	-11.88787	-8.649219
2.6686394259	0.225	-12.37398	-9.046402
2.7186394259	0.225	-12.85476	-9.438278
2.7686394259	0.225	-13.33034	-9.82503
2.8186394259	0.225	-13.80085	-10.206811
2.8686394259	0.225	-14.26638	-10.583754
2.9186394259	0.225	-14.72699	-10.955967
2.9686394259	0.225	-15.18274	-11.323543
3.0186394259	0.225	-15.63366	-11.686556
3.0686394259	0.225	-16.07978	-12.04507
3.1186394259	0.225	-16.52109	-12.39912
3.1686394259	0.225	-16.95761	-12.74876
3.2186394259	0.225	-17.3893	-13.09401
3.2686394259	0.225	-17.81617	-13.43489
3.3186394259	0.225	-18.23818	-13.77142
3.3686394259	0.225	-18.6553	-14.10361
3.4186394259	0.225	-19.06751	-14.43145
3.4686394259	0.225	-19.47476	-14.75495
3.5186394259	0.225	-19.87702	-15.07412
3.5686394259	0.225	-20.27425	-15.38894
3.6186394259	0.225	-20.66642	-15.69941
3.6686394259	0.225	-21.05349	-16.00553
3.7186394259	0.225	-21.43543	-16.30729
3.7686394259	0.225	-21.81221	-16.60469
3.8186394259	0.225	-22.18378	-16.89773
1.3686394259	0.25	2.155	5.6191
1.4186394259	0.25	1.976	4.3677
1.4686394259	0.25	1.2205	3.4133
1.5186394259	0.25	0.4267	2.5752
1.5686394259	0.25	-0.3598	1.80751
1.6186394259	0.25	-1.1288	1.09022
1.6686394259	0.25	-1.87774	0.41217
1.7186394259	0.25	-2.60676	-0.23379
1.7686394259	0.25	-3.31683	-0.85266
1.8186394259	0.25	-4.00926	-1.44822
1.8686394259	0.25	-4.6854	-2.023407
1.9186394259	0.25	-5.34659	-2.580599
1.9686394259	0.25	-5.99407	-3.121761
2.0186394259	0.25	-6.62898	-3.64854
2.0686394259	0.25	-7.25237	-4.162339
2.1186394259	0.25	-7.86517	-4.664355
2.1686394259	0.25	-8.46821	-5.155624
2.2186394259	0.25	-9.06223	-5.63704
2.2686394259	0.25	-9.64788	-6.10938
2.3186394259	0.25	-10.22573	-6.573322
2.3686394259	0.25	-10.7963	-7.029452
2.4186394259	0.25	-11.36001	-7.478284
2.4686394259	0.25	-11.91725	-7.920264
2.5186394259	0.25	-12.46832	-8.355778
2.5686394259	0.25	-13.01352	-8.785161
2.6186394259	0.25	-13.55306	-9.208703
2.6686394259	0.25	-14.08714	-9.626653
2.7186394259	0.25	-14.61591	-10.039224
2.7686394259	0.25	-15.1395	-10.446598
2.8186394259	0.25	-15.658	-10.848927
2.8686394259	0.25	-16.17148	-11.24634
2.9186394259	0.25	-16.67999	-11.63894
2.9686394259	0.25	-17.18357	-12.02683
3.0186394259	0.25	-17.68221	-12.41006
3.0686394259	0.25	-18.17593	-12.78869
3.1186394259	0.25	-18.6647	-13.16278
3.1686394259	0.25	-19.14851	-13.53234
3.2186394259	0.25	-19.62731	-13.8974
3.2686394259	0.25	-20.10108	-14.25799
3.3186394259	0.25	-20.56975	-14.61409
3.3686394259	0.25	-21.03328	-14.96573
3.4186394259	0.25	-21.49163	-15.31289
3.4686394259	0.25	-21.94473	-15.65557
3.5186394259	0.25	-22.39252	-15.99377
3.5686394259	0.25	-22.83496	-16.32747
3.6186394259	0.25	-23.27198	-16.65666
3.6686394259	0.25	-23.70353	-16.98134
3.7186394259	0.25	-24.12956	-17.3015
3.7686394259	0.25	-24.55002	-17.61711
3.8186394259	0.25	-24.96487	-17.92818
1.3686394259	0.275	0.732	5.5417
1.4186394259	0.275	0.9338	4.3358
1.4686394259	0.275	0.2435	3.3591
1.5186394259	0.275	-0.543	2.4925
1.5686394259	0.275	-1.3468	1.69513
1.6186394259	0.275	-2.1459	0.94829
1.6686394259	0.275	-2.9326	0.24115
1.7186394259	0.275	-3.70447	-0.43337
1.7686394259	0.275	-4.46075	-1.08028
1.8186394259	0.275	-5.2018	-1.70341
1.8686394259	0.275	-5.92834	-2.305742
1.9186394259	0.275	-6.64128	-2.889705
1.9686394259	0.275	-7.34157	-3.457313
2.0186394259	0.275	-8.03014	-4.010256
2.0686394259	0.275	-8.70789	-4.549971
2.1186394259	0.275	-9.37563	-5.07769
2.1686394259	0.275	-10.03412	-5.594474
2.2186394259	0.275	-10.68402	-6.101241
2.2686394259	0.275	-11.32594	-6.598788
2.3186394259	0.275	-11.96041	-7.087807
2.3686394259	0.275	-12.58788	-7.5689
2.4186394259	0.275	-13.20876	-8.04259
2.4686394259	0.275	-13.82339	-8.509331
2.5186394259	0.275	-14.43207	-8.969515
2.5686394259	0.275	-15.03504	-9.423484
2.6186394259	0.275	-15.63249	-9.871529
2.6686394259	0.275	-16.2246	-10.313899
2.7186394259	0.275	-16.81149	-10.750809
2.7686394259	0.275	-17.39325	-11.18244
2.8186394259	0.275	-17.96996	-11.60894
2.8686394259	0.275	-18.54164	-12.03044
2.9186394259	0.275	-19.10833	-12.44703
2.9686394259	0.275	-19.67002	-12.85881
3.0186394259	0.275	-20.2267	-13.26583
3.0686394259	0.275	-20.77834	-13.66815
3.1186394259	0.275	-21.32489	-14.06581
3.1686394259	0.275	-21.86629	-14.45883
3.2186394259	0.275	-22.4025	-14.84722
3.2686394259	0.275	-22.93343	-15.23099
3.3186394259	0.275	-23.45902	-15.61015
3.3686394259	0.275	-23.97918	-15.98469
3.4186394259	0.275	-24.49384	-16.3546
3.4686394259	0.275	-25.00292	-16.71987
3.5186394259	0.275	-25.50633	-17.08048
3.5686394259	0.275	-26.00399	-17.43642
3.6186394259	0.275	-26.49583	-17.78767
3.6686394259	0.275	-26.98177	-18.13421
3.7186394259	0.275	-27.46172	-18.47603
3.7686394259	0.275	-27.93563	-18.81311
3.8186394259	0.275	-28.40343	-19.14543
1.3686394259	0.3	-1.164	5.4029
1.4186394259	0.3	-0.4871	4.2671
1.4686394259	0.3	-1.0846	3.2719
1.5186394259	0.3	-1.8518	2.3761
1.5686394259	0.3	-2.668	1.54694
1.6186394259	0.3	-3.4969	0.76748
1.6686394259	0.3	-4.3241	0.02768
1.7186394259	0.3	-5.14325	-0.67924
1.7686394259	0.3	-5.95172	-1.35823
1.8186394259	0.3	-6.74845	-2.01305
1.8686394259	0.3	-7.53329	-2.64671
1.9186394259	0.3	-8.30655	-3.261666
1.9686394259	0.3	-9.06877	-3.859959
2.0186394259	0.3	-9.82057	-4.443313
2.0686394259	0.3	-10.56264	-5.013194
2.1186394259	0.3	-11.29562	-5.570862
2.1686394259	0.3	-12.02013	-6.117404
2.2186394259	0.3	-12.73675	-6.65376
2.2686394259	0.3	-13.44599	-7.180745
2.3186394259	0.3	-14.14832	-7.699069
2.3686394259	0.3	-14.84413	-8.209345
2.4186394259	0.3	-15.53378	-8.712108
2.4686394259	0.3	-16.21757	-9.20782
2.5186394259	0.3	-16.89573	-9.69688
2.5686394259	0.3	-17.56847	-10.17963
2.6186394259	0.3	-18.23596	-10.65637
2.6686394259	0.3	-18.89831	-11.12735
2.7186394259	0.3	-19.55561	-11.59277
2.7686394259	0.3	-20.20792	-12.05283
2.8186394259	0.3	-20.85527	-12.50766
2.8686394259	0.3	-21.49766	-12.95739
2.9186394259	0.3	-22.13507	-13.40212
2.9686394259	0.3	-22.76746	-13.84192
3.0186394259	0.3	-23.39478	-14.27685
3.0686394259	0.3	-24.01695	-14.70696
3.1186394259	0.3	-24.63391	-15.13228
3.1686394259	0.3	-25.24555	-15.55282
3.2186394259	0.3	-25.85179	-15.96859
3.2686394259	0.3	-26.4525	-16.37959
3.3186394259	0.3	-27.04759	-16.78581
3.3686394259	0.3	-27.63694	-17.18724
3.4186394259	0.3	-28.22043	-17.58387
3.4686394259	0.3	-28.79795	-17.97566
3.5186394259	0.3	-29.36939	-18.36261
3.5686394259	0.3	-29.93462	-18.74468
3.6186394259	0.3	-30.49356	-19.12184
3.6686394259	0.3	-31.04608	-19.49408
3.7186394259	0.3	-31.59208	-19.86136
3.7686394259	0.3	-32.13147	-20.22367
3.8186394259	0.3	-32.66415	-20.58097
1.3686394259	0.325	-3.665	5.1874
1.4186394259	0.325	-2.4047	4.149
1.4686394259	0.325	-2.8763	3.1394
1.5186394259	0.325	-3.6092	2.2144
1.5686394259	0.325	-4.4317	1.35104
1.6186394259	0.325	-5.2895	0.53568
1.6686394259	0.325	-6.1595	-0.24064
1.7186394259	0.325	-7.031	-0.98421
1.7686394259	0.325	-7.89845	-1.69971
1.8186394259	0.325	-8.759	-2.39082
1.8686394259	0.325	-9.61136	-3.0605
1.9186394259	0.325	-10.45504	-3.7112
1.9686394259	0.325	-11.28999	-4.34496
2.0186394259	0.325	-12.11643	-4.96354
2.0686394259	0.325	-12.93473	-5.568416
2.1186394259	0.325	-13.7453	-6.160872
2.1686394259	0.325	-14.54858	-6.742017
2.2186394259	0.325	-15.34501	-7.312811
2.2686394259	0.325	-16.13497	-7.87409
2.3186394259	0.325	-16.91884	-8.42657
2.3686394259	0.325	-17.69692	-8.97088
2.4186394259	0.325	-18.46949	-9.50757
2.4686394259	0.325	-19.23678	-10.03711
2.5186394259	0.325	-19.99897	-10.55989
2.5686394259	0.325	-20.75621	-11.07628
2.6186394259	0.325	-21.5086	-11.58656
2.6686394259	0.325	-22.2562	-12.09098
2.7186394259	0.325	-22.99905	-12.58977
2.7686394259	0.325	-23.73716	-13.08308
2.8186394259	0.325	-24.47049	-13.57108
2.8686394259	0.325	-25.19901	-14.05387
2.9186394259	0.325	-25.92263	-14.53154
2.9686394259	0.325	-26.64127	-15.00416
3.0186394259	0.325	-27.35484	-15.4718
3.0686394259	0.325	-28.06319	-15.93447
3.1186394259	0.325	-28.76622	-16.39221
3.1686394259	0.325	-29.46377	-16.84501
3.2186394259	0.325	-30.1557	-17.29289
3.2686394259	0.325	-30.84185	-17.73582
3.3186394259	0.325	-31.52208	-18.17379
3.3686394259	0.325	-32.19621	-18.60678
3.4186394259	0.325	-32.86409	-19.03475
3.4686394259	0.325	-33.52557	-19.45768
3.5186394259	0.325	-34.18048	-19.87554
3.5686394259	0.325	-34.82867	-20.28828
3.6186394259	0.325	-35.47	-20.69587
3.6686394259	0.325	-36.10431	-21.09828
3.7186394259	0.325	-36.73147	-21.49547
3.7686394259	0.325	-37.35134	-21.88741
3.8186394259	0.325	-37.96381	-22.27406
1.3686394259	0.35	-6.945	4.8762
1.4186394259	0.35	-4.9747	3.9659
1.4686394259	0.35	-5.2812	2.947
1.5186394259	0.35	-5.9614	1.9924
1.5686394259	0.35	-6.7822	1.0926
1.6186394259	0.35	-7.6672	0.23777
1.6686394259	0.35	-8.5827	-0.57936
1.7186394259	0.35	-9.5122	-1.36429
1.7686394259	0.35	-10.44642	-2.12133
1.8186394259	0.35	-11.3804	-2.85393
1.8686394259	0.35	-12.31128	-3.56496
1.9186394259	0.35	-13.23747	-4.25681
1.9686394259	0.35	-14.15819	-4.93153
2.0186394259	0.35	-15.07308	-5.59086
2.0686394259	0.35	-15.9821	-6.23629
2.1186394259	0.35	-16.88534	-6.86911
2.1686394259	0.35	-17.78299	-7.49046
2.2186394259	0.35	-18.67527	-8.1013
2.2686394259	0.35	-19.56243	-8.7025
2.3186394259	0.35	-20.44467	-9.29477
2.3686394259	0.35	-21.3222	-9.87876
2.4186394259	0.35	-22.19519	-10.45503
2.4686394259	0.35	-23.06376	-11.02405
2.5186394259	0.35	-23.92802	-11.58622
2.5686394259	0.35	-24.78802	-12.14191
2.6186394259	0.35	-25.64379	-12.6914
2.6686394259	0.35	-26.49533	-13.23494
2.7186394259	0.35	-27.34258	-13.77275
2.7686394259	0.35	-28.18549	-14.30499
2.8186394259	0.35	-29.02395	-14.83181
2.8686394259	0.35	-29.85786	-15.35331
2.9186394259	0.35	-30.68708	-15.86958
2.9686394259	0.35	-31.51144	-16.38067
3.0186394259	0.35	-32.33077	-16.88664
3.0686394259	0.35	-33.1449	-17.38749
3.1186394259	0.35	-33.95362	-17.88325
3.1686394259	0.35	-34.75674	-18.37391
3.2186394259	0.35	-35.55403	-18.85945
3.2686394259	0.35	-36.34529	-19.33986
3.3186394259	0.35	-37.1303	-19.81509
3.3686394259	0.35	-37.90884	-20.28513
3.4186394259	0.35	-38.68069	-20.74992
3.4686394259	0.35	-39.44564	-21.20942
3.5186394259	0.35	-40.20347	-21.66358
3.5686394259	0.35	-40.95398	-22.11236
3.6186394259	0.35	-41.69697	-22.55572
3.6686394259	0.35	-42.43224	-22.99359
3.7186394259	0.35	-43.1596	-23.42594
3.7686394259	0.35	-43.87889	-23.85271
3.8186394259	0.35	-44.58992	-24.27388
1.3686394259	0.375	-11.232	4.4457
1.4186394259	0.375	-8.4052	3.6985
1.4686394259	0.375	-8.4995	2.6759
1.5186394259	0.375	-9.1045	1.6919
1.5686394259	0.375	-9.9138	0.753
1.6186394259	0.375	-10.8236	-0.14534
1.6686394259	0.375	-11.7876	-1.00813
1.7186394259	0.375	-12.7816	-1.8398
1.7686394259	0.375	-13.7921	-2.6441
1.8186394259	0.375	-14.81108	-3.42417
1.8686394259	0.375	-15.83383	-4.1827
1.9186394259	0.375	-16.85734	-4.92199
1.9686394259	0.375	-17.87982	-5.64402
2.0186394259	0.375	-18.90019	-6.35051
2.0686394259	0.375	-19.91783	-7.04297
2.1186394259	0.375	-20.93241	-7.72268
2.1686394259	0.375	-21.94379	-8.39077
2.2186394259	0.375	-22.95191	-9.04825
2.2686394259	0.375	-23.95678	-9.69595
2.3186394259	0.375	-24.95843	-10.33464
2.3686394259	0.375	-25.9569	-10.96495
2.4186394259	0.375	-26.95221	-11.58744
2.4686394259	0.375	-27.94436	-12.20261
2.5186394259	0.375	-28.93332	-12.81085
2.5686394259	0.375	-29.91904	-13.41251
2.6186394259	0.375	-30.90146	-14.00791
2.6686394259	0.375	-31.88045	-14.59728
2.7186394259	0.375	-32.85588	-15.18082
2.7686394259	0.375	-33.82758	-15.75869
2.8186394259	0.375	-34.79536	-16.33104
2.8686394259	0.375	-35.75902	-16.89796
2.9186394259	0.375	-36.71833	-17.45952
2.9686394259	0.375	-37.67304	-18.01578
3.0186394259	0.375	-38.6229	-18.56675
3.0686394259	0.375	-39.56762	-19.11246
3.1186394259	0.375	-40.50694	-19.6529
3.1686394259	0.375	-41.44056	-20.18805
3.2186394259	0.375	-42.36819	-20.71788
3.2686394259	0.375	-43.28954	-21.24236
3.3186394259	0.375	-44.2043	-21.76143
3.3686394259	0.375	-45.11218	-22.27505
3.4186394259	0.375	-46.0129	-22.78316
3.4686394259	0.375	-46.90615	-23.28571
3.5186394259	0.375	-47.79166	-23.78262
3.5686394259	0.375	-48.66914	-24.27384
3.6186394259	0.375	-49.53834	-24.75931
3.6686394259	0.375	-50.399	-25.23896
3.7186394259	0.375	-51.25085	-25.71273
3.7686394259	0.375	-52.09368	-26.18056
3.8186394259	0.375	-52.92725	-26.6424
1.3686394259	0.4	-16.835	3.866
1.4186394259	0.4	-12.9772	3.3219
1.4686394259	0.4	-12.8026	2.3027
1.5186394259	0.4	-13.3054	1.2892
1.5686394259	0.4	-14.0907	0.3083
1.6186394259	0.4	-15.0225	-0.63805
1.6686394259	0.4	-16.0383	-1.55205
1.7186394259	0.4	-17.1048	-2.43669
1.7686394259	0.4	-18.2032	-3.29492
1.8186394259	0.4	-19.3216	-4.12943
1.8686394259	0.4	-20.45281	-4.94265
1.9186394259	0.4	-21.59208	-5.73672
1.9686394259	0.4	-22.73631	-6.51353
2.0186394259	0.4	-23.88347	-7.27477
2.0686394259	0.4	-25.03221	-8.02188
2.1186394259	0.4	-26.18163	-8.75617
2.1686394259	0.4	-27.33113	-9.47877
2.2186394259	0.4	-28.48029	-10.19065
2.2686394259	0.4	-29.62882	-10.8927
2.3186394259	0.4	-30.7765	-11.58565
2.3686394259	0.4	-31.92314	-12.27016
2.4186394259	0.4	-33.06857	-12.9468
2.4686394259	0.4	-34.21262	-13.61605
2.5186394259	0.4	-35.35508	-14.27831
2.5686394259	0.4	-36.49578	-14.93394
2.6186394259	0.4	-37.63447	-15.58323
2.6686394259	0.4	-38.77092	-16.22642
2.7186394259	0.4	-39.90486	-16.86371
2.7686394259	0.4	-41.03599	-17.49524
2.8186394259	0.4	-42.16401	-18.12115
2.8686394259	0.4	-43.28858	-18.74152
2.9186394259	0.4	-44.40936	-19.3564
2.9686394259	0.4	-45.52598	-19.96584
3.0186394259	0.4	-46.63807	-20.56984
3.0686394259	0.4	-47.74524	-21.16841
3.1186394259	0.4	-48.8471	-21.76151
3.1686394259	0.4	-49.94325	-22.34912
3.2186394259	0.4	-51.03329	-22.93119
3.2686394259	0.4	-52.11682	-23.50766
3.3186394259	0.4	-53.19343	-24.07846
3.3686394259	0.4	-54.26274	-24.64353
3.4186394259	0.4	-55.32435	-25.2028
3.4686394259	0.4	-56.37786	-25.75617
3.5186394259	0.4	-57.42292	-26.30358
3.5686394259	0.4	-58.45915	-26.84494
3.6186394259	0.4	-59.48619	-27.38018
3.6686394259	0.4	-60.5037	-27.9092
3.7186394259	0.4	-61.51136	-28.43194
3.7686394259	0.4	-62.50885	-28.94832
3.8186394259	0.4	-63.49587	-29.45826
1.3686394259	0.425	-24.17	3.099
1.4186394259	0.425	-19.0746	2.8047
1.4686394259	0.425	-18.5627	1.7967
1.5186394259	0.425	-18.93	0.754
1.5686394259	0.425	-19.6766	-0.2722
1.6186394259	0.425	-20.6268	-1.27185
1.6686394259	0.425	-21.6987	-2.24358
1.7186394259	0.425	-22.8481	-3.1885
1.7686394259	0.425	-24.0489	-4.10852
1.8186394259	0.425	-25.2849	-5.00571
1.8686394259	0.425	-26.5456	-5.88214
1.9186394259	0.425	-27.82402	-6.73973
1.9686394259	0.425	-29.11543	-7.58022
2.0186394259	0.425	-30.41654	-8.4052
2.0686394259	0.425	-31.72504	-9.2161
2.1186394259	0.425	-33.03929	-10.01417
2.1686394259	0.425	-34.35811	-10.80053
2.2186394259	0.425	-35.6806	-11.57617
2.2686394259	0.425	-37.00607	-12.34193
2.3186394259	0.425	-38.33395	-13.09859
2.3686394259	0.425	-39.66376	-13.84678
2.4186394259	0.425	-40.99507	-14.58708
2.4686394259	0.425	-42.32747	-15.31996
2.5186394259	0.425	-43.66055	-16.04583
2.5686394259	0.425	-44.99391	-16.76504
2.6186394259	0.425	-46.32715	-17.47786
2.6686394259	0.425	-47.65982	-18.18454
2.7186394259	0.425	-48.9915	-18.88525
2.7686394259	0.425	-50.32172	-19.58014
2.8186394259	0.425	-51.64998	-20.2693
2.8686394259	0.425	-52.97583	-20.95283
2.9186394259	0.425	-54.29873	-21.63075
2.9686394259	0.425	-55.61819	-22.30308
3.0186394259	0.425	-56.93366	-22.96982
3.0686394259	0.425	-58.24461	-23.63094
3.1186394259	0.425	-59.5505	-24.28639
3.1686394259	0.425	-60.85079	-24.93613
3.2186394259	0.425	-62.14493	-25.58007
3.2686394259	0.425	-63.43239	-26.21815
3.3186394259	0.425	-64.71263	-26.85027
3.3686394259	0.425	-65.98511	-27.47634
3.4186394259	0.425	-67.24931	-28.09626
3.4686394259	0.425	-68.50473	-28.70993
3.5186394259	0.425	-69.75087	-29.31725
3.5686394259	0.425	-70.98723	-29.91811
3.6186394259	0.425	-72.21335	-30.51242
3.6686394259	0.425	-73.42878	-31.10006
3.7186394259	0.425	-74.63308	-31.68095
3.7686394259	0.425	-75.82584	-32.25498
3.8186394259	0.425	-77.00666	-32.82207
1.3686394259	0.45	-33.805	2.094
1.4186394259	0.45	-27.228	2.1055
1.4686394259	0.45	-26.296	1.1185
1.5186394259	0.45	-26.4877	0.0469
1.5686394259	0.45	-27.1774	-1.0286
1.6186394259	0.45	-28.1422	-2.0879
1.6686394259	0.45	-29.2762	-3.12508
1.7186394259	0.45	-30.5217	-4.13901
1.7686394259	0.45	-31.844	-5.13021
1.8186394259	0.45	-33.221	-6.09998
1.8686394259	0.45	-34.6385	-7.04986
1.9186394259	0.45	-36.0863	-7.98147
1.9686394259	0.45	-37.55782	-8.89635
2.0186394259	0.45	-39.04804	-9.79597
2.0686394259	0.45	-40.55347	-10.68166
2.1186394259	0.45	-42.07151	-11.55464
2.1686394259	0.45	-43.60018	-12.416
2.2186394259	0.45	-45.13797	-13.26669
2.2686394259	0.45	-46.68366	-14.10757
2.3186394259	0.45	-48.23624	-14.93938
2.3686394259	0.45	-49.79484	-15.76277
2.4186394259	0.45	-51.35868	-16.5783
2.4686394259	0.45	-52.92703	-17.38644
2.5186394259	0.45	-54.49921	-18.18759
2.5686394259	0.45	-56.07455	-18.98209
2.6186394259	0.45	-57.65238	-19.7702
2.6686394259	0.45	-59.23203	-20.55215
2.7186394259	0.45	-60.81282	-21.32809
2.7686394259	0.45	-62.39408	-22.09817
2.8186394259	0.45	-63.97511	-22.86246
2.8686394259	0.45	-65.55519	-23.62101
2.9186394259	0.45	-67.13362	-24.37385
2.9686394259	0.45	-68.70966	-25.12096
3.0186394259	0.45	-70.2826	-25.86231
3.0686394259	0.45	-71.85169	-26.59786
3.1186394259	0.45	-73.4162	-27.32752
3.1686394259	0.45	-74.9754	-28.05122
3.2186394259	0.45	-76.52854	-28.76886
3.2686394259	0.45	-78.07492	-29.48034
3.3186394259	0.45	-79.6138	-30.18552
3.3686394259	0.45	-81.14449	-30.8843
3.4186394259	0.45	-82.66629	-31.57655
3.4686394259	0.45	-84.17853	-32.26213
3.5186394259	0.45	-85.68053	-32.94092
3.5686394259	0.45	-87.17165	-33.61278
3.6186394259	0.45	-88.65129	-34.27758
3.6686394259	0.45	-90.11885	-34.93521
3.7186394259	0.45	-91.57373	-35.58552
3.7686394259	0.45	-93.0154	-36.22841
3.8186394259	0.45	-94.4433	-36.86375
1.3686394259	0.475	-46.534	0.788
1.4186394259	0.475	-38.181	1.1701
1.4686394259	0.475	-36.7276	0.2156
1.5186394259	0.475	-36.6947	-0.8846
1.5686394259	0.475	-37.3064	-2.014
1.6186394259	0.475	-38.282	-3.1404
1.6686394259	0.475	-39.487	-4.25249
1.7186394259	0.475	-40.8466	-5.34599
1.7686394259	0.475	-42.3156	-6.41979
1.8186394259	0.475	-43.8649	-7.47414
1.8686394259	0.475	-45.4749	-8.50995
1.9186394259	0.475	-47.1322	-9.52839
1.9686394259	0.475	-48.82713	-10.53075
2.0186394259	0.475	-50.55283	-11.5183
2.0686394259	0.475	-52.3042	-12.49226
2.1186394259	0.475	-54.07738	-13.45378
2.1686394259	0.475	-55.86941	-14.40389
2.2186394259	0.475	-57.67794	-15.34351
2.2686394259	0.475	-59.50107	-16.27348
2.3186394259	0.475	-61.3372	-17.19452
2.3686394259	0.475	-63.18495	-18.10727
2.4186394259	0.475	-65.04307	-19.01227
2.4686394259	0.475	-66.91045	-19.90998
2.5186394259	0.475	-68.786	-20.80079
2.5686394259	0.475	-70.66871	-21.68501
2.6186394259	0.475	-72.55756	-22.5629
2.6686394259	0.475	-74.45158	-23.43466
2.7186394259	0.475	-76.34977	-24.30043
2.7686394259	0.475	-78.25116	-25.16031
2.8186394259	0.475	-80.15475	-26.01437
2.8686394259	0.475	-82.05955	-26.86262
2.9186394259	0.475	-83.96458	-27.70506
2.9686394259	0.475	-85.86883	-28.54164
3.0186394259	0.475	-87.7713	-29.37231
3.0686394259	0.475	-89.67099	-30.19698
3.1186394259	0.475	-91.56691	-31.01554
3.1686394259	0.475	-93.45807	-31.82788
3.2186394259	0.475	-95.34348	-32.63385
3.2686394259	0.475	-97.22218	-33.43333
3.3186394259	0.475	-99.09321	-34.22615
3.3686394259	0.475	-100.95562	-35.01217
3.4186394259	0.475	-102.8085	-35.79121
3.4686394259	0.475	-104.65095	-36.56311
3.5186394259	0.475	-106.48208	-37.32771
3.5686394259	0.475	-108.3011	-38.08484
3.6186394259	0.475	-110.107	-38.83433
3.6686394259	0.475	-111.8992	-39.57603
3.7186394259	0.475	-113.6769	-40.30979
3.7686394259	0.475	-115.4393	-41.03544
3.8186394259	0.475	-117.1858	-41.75284
1.3686394259	0.5	-63.47	-0.907
1.4186394259	0.5	-52.988	-0.074
1.4686394259	0.5	-50.892	-0.982
1.5186394259	0.5	-50.5749	-2.1102
1.5686394259	0.5	-51.0836	-3.2993
1.6186394259	0.5	-52.0674	-4.5022
1.6686394259	0.5	-53.3566	-5.7006
1.7186394259	0.5	-54.8555	-6.88664
1.7686394259	0.5	-56.5059	-8.05708
1.8186394259	0.5	-58.2695	-9.21083
1.8686394259	0.5	-60.1205	-10.34795
1.9186394259	0.5	-62.0408	-11.46906
1.9686394259	0.5	-64.0175	-12.57507
2.0186394259	0.5	-66.04095	-13.66702
2.0686394259	0.5	-68.10405	-14.74596
2.1186394259	0.5	-70.20134	-15.81292
2.1686394259	0.5	-72.32855	-16.86885
2.2186394259	0.5	-74.48226	-17.91464
2.2686394259	0.5	-76.65969	-18.95107
2.3186394259	0.5	-78.85846	-19.97884
2.3686394259	0.5	-81.0765	-20.99856
2.4186394259	0.5	-83.312	-22.01076
2.4686394259	0.5	-85.56326	-23.01587
2.5186394259	0.5	-87.82872	-24.01425
2.5686394259	0.5	-90.10688	-25.0062
2.6186394259	0.5	-92.39629	-25.99196
2.6686394259	0.5	-94.69553	-26.97168
2.7186394259	0.5	-97.00321	-27.94548
2.7686394259	0.5	-99.31795	-28.91344
2.8186394259	0.5	-101.63837	-29.87557
2.8686394259	0.5	-103.96309	-30.83187
2.9186394259	0.5	-106.29075	-31.78228
2.9686394259	0.5	-108.61998	-32.72673
3.0186394259	0.5	-110.94944	-33.66512
3.0686394259	0.5	-113.27775	-34.5973
3.1186394259	0.5	-115.60358	-35.52315
3.1686394259	0.5	-117.9256	-36.4425
3.2186394259	0.5	-120.2425	-37.35516
3.2686394259	0.5	-122.5529	-38.26096
3.3186394259	0.5	-124.8557	-39.15969
3.3686394259	0.5	-127.1495	-40.05115
3.4186394259	0.5	-129.4331	-40.93514
3.4686394259	0.5	-131.7053	-41.81144
3.5186394259	0.5	-133.9649	-42.67985
3.5686394259	0.5	-136.2108	-43.54016
3.6186394259	0.5	-138.442	-44.39216
3.6686394259	0.5	-140.6574	-45.23566
3.7186394259	0.5	-142.8559	-46.07045
3.7686394259	0.5	-145.0365	-46.89635
3.8186394259	0.5	-147.1985	-47.71317
1.3686394259	0.525	-86.21	-3.106
1.4186394259	0.525	-73.176	-1.7248
1.4686394259	0.525	-70.284	-2.569
1.5186394259	0.525	-69.613	-3.7247
1.5686394259	0.525	-69.9905	-4.9806
1.6186394259	0.525	-70.9828	-6.2715
1.6686394259	0.525	-72.3767	-7.5706
1.7186394259	0.525	-74.0511	-8.8654
1.7686394259	0.525	-75.9311	-10.15004
1.8186394259	0.525	-77.9674	-11.42172
1.8686394259	0.525	-80.1213	-12.6789
1.9186394259	0.525	-82.3834	-13.92303
1.9686394259	0.525	-84.7216	-15.153
2.0186394259	0.525	-87.12802	-16.37001
2.0686394259	0.525	-89.59283	-17.5749
2.1186394259	0.525	-92.10851	-18.76854
2.1686394259	0.525	-94.66909	-19.95178
2.2186394259	0.525	-97.26976	-21.12541
2.2686394259	0.525	-99.90656	-22.29018
2.3186394259	0.525	-102.5761	-23.44673
2.3686394259	0.525	-105.27545	-24.59563
2.4186394259	0.525	-108.00197	-25.73739
2.4686394259	0.525	-110.75326	-26.87239
2.5186394259	0.525	-113.52709	-28.00097
2.5686394259	0.525	-116.32133	-29.1234
2.6186394259	0.525	-119.13394	-30.23986
2.6686394259	0.525	-121.9629	-31.35049
2.7186394259	0.525	-124.8064	-32.45536
2.7686394259	0.525	-127.6623	-33.5545
2.8186394259	0.525	-130.5289	-34.64788
2.8686394259	0.525	-133.4041	-35.73545
2.9186394259	0.525	-136.2863	-36.8171
2.9686394259	0.525	-139.1735	-37.89272
3.0186394259	0.525	-142.0638	-38.96213
3.0686394259	0.525	-144.9554	-40.02517
3.1186394259	0.525	-147.8466	-41.08163
3.1686394259	0.525	-150.7355	-42.13129
3.2186394259	0.525	-153.6203	-43.17392
3.2686394259	0.525	-156.4994	-44.20927
3.3186394259	0.525	-159.3709	-45.2371
3.3686394259	0.525	-162.2332	-46.25714
3.4186394259	0.525	-165.0847	-47.26913
3.4686394259	0.525	-167.9238	-48.2728
3.5186394259	0.525	-170.7488	-49.2679
3.5686394259	0.525	-173.5584	-50.25415
3.6186394259	0.525	-176.351	-51.23131
3.6686394259	0.525	-179.1253	-52.19912
3.7186394259	0.525	-181.8798	-53.15733
3.7686394259	0.525	-184.6132	-54.1057
3.8186394259	0.525	-187.3244	-55.04401
1.3686394259	0.55	-117.07	-5.966
1.4186394259	0.55	-100.98	-3.9167
1.4686394259	0.55	-97.111	-4.6757
1.5186394259	0.55	-96.	-5.8584
1.5686394259	0.55	-96.2162	-7.1902
1.6186394259	0.55	-97.2233	-8.5837
1.6686394259	0.55	-98.7548	-10.0016
1.7186394259	0.55	-100.658	-11.4257
1.7686394259	0.55	-102.8373	-12.8468
1.8186394259	0.55	-105.2291	-14.25991
1.8686394259	0.55	-107.7895	-15.66267
1.9186394259	0.55	-110.487	-17.05403
1.9686394259	0.55	-113.2986	-18.43378
2.0186394259	0.55	-116.207	-19.80217
2.0686394259	0.55	-119.1991	-21.15975
2.1186394259	0.55	-122.2647	-22.50715
2.1686394259	0.55	-125.3955	-23.84509
2.2186394259	0.55	-128.5849	-25.17425
2.2686394259	0.55	-131.8275	-26.49528
2.3186394259	0.55	-135.1185	-27.80877
2.3686394259	0.55	-138.4538	-29.11525
2.4186394259	0.55	-141.8297	-30.41515
2.4686394259	0.55	-145.2429	-31.70882
2.5186394259	0.55	-148.6902	-32.99657
2.5686394259	0.55	-152.1687	-34.27858
2.6186394259	0.55	-155.6756	-35.55502
2.6686394259	0.55	-159.2081	-36.82596
2.7186394259	0.55	-162.7634	-38.09142
2.7686394259	0.55	-166.3391	-39.35136
2.8186394259	0.55	-169.9323	-40.60572
2.8686394259	0.55	-173.5407	-41.85436
2.9186394259	0.55	-177.1616	-43.09713
2.9686394259	0.55	-180.7925	-44.33382
3.0186394259	0.55	-184.4308	-45.56422
3.0686394259	0.55	-188.0742	-46.78808
3.1186394259	0.55	-191.7201	-48.00512
3.1686394259	0.55	-195.3662	-49.21506
3.2186394259	0.55	-199.0099	-50.41759
3.2686394259	0.55	-202.6491	-51.61239
3.3186394259	0.55	-206.2813	-52.79914
3.3686394259	0.55	-209.9043	-53.97752
3.4186394259	0.55	-213.516	-55.14718
3.4686394259	0.55	-217.114	-56.30779
3.5186394259	0.55	-220.6964	-57.45902
3.5686394259	0.55	-224.2611	-58.60053
3.6186394259	0.55	-227.8062	-59.73201
3.6686394259	0.55	-231.3297	-60.85314
3.7186394259	0.55	-234.8298	-61.9636
3.7686394259	0.55	-238.3048	-63.0631
3.8186394259	0.55	-241.753	-64.15135
1.3686394259	0.575	-159.5	-9.707
1.4186394259	0.575	-139.751	-6.8372
1.4686394259	0.575	-134.683	-7.484
1.5186394259	0.575	-133.032	-8.6932
1.5686394259	0.575	-133.058	-10.1127
1.6186394259	0.575	-134.0989	-11.6275
1.6686394259	0.575	-135.8215	-13.1875
1.7186394259	0.575	-138.034	-14.7675
1.7686394259	0.575	-140.6149	-16.3537
1.8186394259	0.575	-143.4826	-17.9386
1.8686394259	0.575	-146.5802	-19.5181
1.9186394259	0.575	-149.8667	-21.08979
1.9686394259	0.575	-153.3116	-22.65271
2.0186394259	0.575	-156.892	-24.20653
2.0686394259	0.575	-160.5905	-25.75138
2.1186394259	0.575	-164.3932	-27.28762
2.1686394259	0.575	-168.289	-28.81574
2.2186394259	0.575	-172.269	-30.33628
2.2686394259	0.575	-176.3255	-31.8498
2.3186394259	0.575	-180.4522	-33.35677
2.3686394259	0.575	-184.6433	-34.85765
2.4186394259	0.575	-188.8938	-36.3528
2.4686394259	0.575	-193.1991	-37.84253
2.5186394259	0.575	-197.5547	-39.32704
2.5686394259	0.575	-201.9568	-40.80649
2.6186394259	0.575	-206.4012	-42.28096
2.6686394259	0.575	-210.8843	-43.75045
2.7186394259	0.575	-215.4023	-45.2149
2.7686394259	0.575	-219.9517	-46.67423
2.8186394259	0.575	-224.5287	-48.12825
2.8686394259	0.575	-229.13	-49.57678
2.9186394259	0.575	-233.752	-51.01956
2.9686394259	0.575	-238.3913	-52.45632
3.0186394259	0.575	-243.0445	-53.88675
3.0686394259	0.575	-247.7081	-55.31049
3.1186394259	0.575	-252.3788	-56.7272
3.1686394259	0.575	-257.0504	-58.13624
3.2186394259	0.575	-261.7285	-59.53797
3.2686394259	0.575	-266.4011	-60.93123
3.3186394259	0.575	-271.0671	-62.31579
3.3686394259	0.575	-275.7259	-63.69141
3.4186394259	0.575	-280.372	-65.05748
3.4686394259	0.575	-285.0034	-66.41364
3.5186394259	0.575	-289.6172	-67.75947
3.5686394259	0.575	-294.2107	-69.09455
3.6186394259	0.575	-298.7812	-70.41847
3.6686394259	0.575	-303.326	-71.73083
3.7186394259	0.575	-307.8428	-73.03124
3.7686394259	0.575	-312.3291	-74.31932
3.8186394259	0.575	-316.7826	-75.5947
1.3686394259	0.6	-218.72	-14.634
1.4186394259	0.6	-194.614	-10.752
1.4686394259	0.6	-188.079	-11.2523
1.5186394259	0.6	-185.777	-12.4875
1.5686394259	0.6	-185.592	-14.0102
1.6186394259	0.6	-186.708	-15.6712
1.6686394259	0.6	-188.71	-17.404
1.7186394259	0.6	-191.3576	-19.1745
1.7686394259	0.6	-194.495	-20.9635
1.8186394259	0.6	-198.0183	-22.7601
1.8686394259	0.6	-201.8537	-24.5578
1.9186394259	0.6	-205.9477	-26.3527
1.9686394259	0.6	-210.2604	-28.1427
2.0186394259	0.6	-214.7616	-29.9267
2.0686394259	0.6	-219.4279	-31.70439
2.1186394259	0.6	-224.2408	-33.47563
2.1686394259	0.6	-229.1854	-35.24068
2.2186394259	0.6	-234.2495	-36.99988
2.2686394259	0.6	-239.4229	-38.75361
2.3186394259	0.6	-244.6967	-40.50224
2.3686394259	0.6	-250.0633	-42.24612
2.4186394259	0.6	-255.5157	-43.9855
2.4686394259	0.6	-261.0475	-45.72062
2.5186394259	0.6	-266.6528	-47.45158
2.5686394259	0.6	-272.326	-49.17846
2.6186394259	0.6	-278.0617	-50.90124
2.6686394259	0.6	-283.8548	-52.61983
2.7186394259	0.6	-289.6999	-54.33408
2.7686394259	0.6	-295.5924	-56.04379
2.8186394259	0.6	-301.5272	-57.74869
2.8686394259	0.6	-307.4994	-59.44847
2.9186394259	0.6	-313.5044	-61.14278
2.9686394259	0.6	-319.5372	-62.83123
3.0186394259	0.6	-325.5934	-64.51338
3.0686394259	0.6	-331.6681	-66.18878
3.1186394259	0.6	-337.7569	-67.85696
3.1686394259	0.6	-343.8553	-69.51741
3.2186394259	0.6	-349.9587	-71.16962
3.2686394259	0.6	-356.0628	-72.81305
3.3186394259	0.6	-362.1632	-74.44718
3.3686394259	0.6	-368.2559	-76.07147
3.4186394259	0.6	-374.3367	-77.68536
3.4686394259	0.6	-380.4015	-79.28832
3.5186394259	0.6	-386.4465	-80.87982
3.5686394259	0.6	-392.4678	-82.45932
3.6186394259	0.6	-398.4618	-84.0263
3.6686394259	0.6	-404.4248	-85.58024
3.7186394259	0.6	-410.3537	-87.12067
3.7686394259	0.6	-416.2451	-88.64709
3.8186394259	0.6	-422.0958	-90.15904
1.3686394259	0.625	-302.86	-21.19
1.4186394259	0.625	-273.598	-16.0456
1.4686394259	0.625	-265.284	-16.3548
1.5186394259	0.625	-262.215	-17.6161
1.5686394259	0.625	-261.822	-19.2628
1.6186394259	0.625	-263.099	-21.103
1.6686394259	0.625	-265.53	-23.0497
1.7186394259	0.625	-268.812	-25.0572
1.7686394259	0.625	-272.746	-27.0995
1.8186394259	0.625	-277.2006	-29.1611
1.8686394259	0.625	-282.0787	-31.2326
1.9186394259	0.625	-287.3108	-33.3082
1.9686394259	0.625	-292.8445	-35.3841
2.0186394259	0.625	-298.6398	-37.4584
2.0686394259	0.625	-304.6655	-39.5299
2.1186394259	0.625	-310.897	-41.59813
2.1686394259	0.625	-317.3142	-43.66284
2.2186394259	0.625	-323.9007	-45.72413
2.2686394259	0.625	-330.6427	-47.78218
2.3186394259	0.625	-337.5281	-49.83719
2.3686394259	0.625	-344.5465	-51.88934
2.4186394259	0.625	-351.6883	-53.93879
2.4686394259	0.625	-358.9449	-55.98563
2.5186394259	0.625	-366.3081	-58.02986
2.5686394259	0.625	-373.7702	-60.07143
2.6186394259	0.625	-381.3239	-62.11019
2.6686394259	0.625	-388.9618	-64.14593
2.7186394259	0.625	-396.6771	-66.17838
2.7686394259	0.625	-404.4628	-68.20719
2.8186394259	0.625	-412.3122	-70.23195
2.8686394259	0.625	-420.2186	-72.25223
2.9186394259	0.625	-428.1753	-74.2675
2.9686394259	0.625	-436.1758	-76.27724
3.0186394259	0.625	-444.2135	-78.28086
3.0686394259	0.625	-452.2822	-80.27775
3.1186394259	0.625	-460.3754	-82.26729
3.1686394259	0.625	-468.4868	-84.2488
3.2186394259	0.625	-476.6104	-86.22163
3.2686394259	0.625	-484.7399	-88.18508
3.3186394259	0.625	-492.8696	-90.13847
3.3686394259	0.625	-500.9934	-92.08109
3.4186394259	0.625	-509.1058	-94.01225
3.4686394259	0.625	-517.2012	-95.93127
3.5186394259	0.625	-525.2739	-97.83743
3.5686394259	0.625	-533.3188	-99.73008
3.6186394259	0.625	-541.331	-101.60854
3.6686394259	0.625	-549.3053	-103.47217
3.7186394259	0.625	-557.2371	-105.32032
3.7686394259	0.625	-565.1218	-107.1524
3.8186394259	0.625	-572.955	-108.9678
1.3686394259	0.65	-424.9	-30.02
1.4186394259	0.65	-389.64	-23.286
1.4686394259	0.65	-379.2	-23.3454
1.5186394259	0.65	-375.263	-24.6336
1.5686394259	0.65	-374.718	-26.4334
1.6186394259	0.65	-376.326	-28.4983
1.6686394259	0.65	-379.444	-30.715
1.7186394259	0.65	-383.687	-33.023
1.7686394259	0.65	-388.805	-35.3874
1.8186394259	0.65	-394.625	-37.7871
1.8686394259	0.65	-401.024	-40.2086
1.9186394259	0.65	-407.908	-42.6433
1.9686394259	0.65	-415.2	-45.0846
2.0186394259	0.65	-422.876	-47.5325
2.0686394259	0.65	-430.8654	-49.9815
2.1186394259	0.65	-439.1439	-52.43149
2.1686394259	0.65	-447.6851	-54.8818
2.2186394259	0.65	-456.4667	-57.33212
2.2686394259	0.65	-465.4701	-59.78236
2.3186394259	0.65	-474.6787	-62.23246
2.3686394259	0.65	-484.0784	-64.68245
2.4186394259	0.65	-493.6562	-67.13228
2.4686394259	0.65	-503.4002	-69.58189
2.5186394259	0.65	-513.2991	-72.03111
2.5686394259	0.65	-523.3424	-74.47972
2.6186394259	0.65	-533.5197	-76.92741
2.6686394259	0.65	-543.8212	-79.37381
2.7186394259	0.65	-554.2371	-81.81845
2.7686394259	0.65	-563.5443	-84.14088
2.8186394259	0.65	-575.374	-86.7003
2.8686394259	0.65	-586.0762	-89.13627
2.9186394259	0.65	-596.8552	-91.56803
2.9686394259	0.65	-607.7017	-93.99483
3.0186394259	0.65	-618.6068	-96.4159
3.0686394259	0.65	-629.5614	-98.83041
3.1186394259	0.65	-640.5566	-101.23753
3.1686394259	0.65	-651.5837	-103.63638
3.2186394259	0.65	-662.6338	-106.0261
3.2686394259	0.65	-673.6986	-108.40578
3.3186394259	0.65	-684.7695	-110.77452
3.3686394259	0.65	-695.8384	-113.13143
3.4186394259	0.65	-706.8972	-115.47559
3.4686394259	0.65	-717.9381	-117.8061
3.5186394259	0.65	-728.9535	-120.1221
3.5686394259	0.65	-739.9355	-122.4227
3.6186394259	0.65	-750.8774	-124.707
3.6686394259	0.65	-761.772	-126.9742
3.7186394259	0.65	-772.6127	-129.2235
3.7686394259	0.65	-783.3929	-131.4541
3.8186394259	0.65	-794.1065	-133.6652
1.3686394259	0.675	-606.2	-42.07
1.4186394259	0.675	-564.24	-33.334
1.4686394259	0.675	-551.335	-33.065
1.5186394259	0.675	-546.497	-34.3826
1.5686394259	0.675	-545.975	-36.3767
1.6186394259	0.675	-548.292	-38.7421
1.6686394259	0.675	-552.503	-41.2956
1.7186394259	0.675	-558.262	-43.9931
1.7686394259	0.675	-565.201	-46.7763
1.8186394259	0.675	-573.097	-49.6162
1.8686394259	0.675	-581.788	-52.4942
1.9186394259	0.675	-591.153	-55.3982
1.9686394259	0.675	-601.099	-58.3201
2.0186394259	0.675	-611.557	-61.2545
2.0686394259	0.675	-622.471	-64.1987
2.1186394259	0.675	-633.794	-67.149
2.1686394259	0.675	-645.4922	-70.10539
2.2186394259	0.675	-657.5346	-73.06672
2.2686394259	0.675	-669.8956	-76.03243
2.3186394259	0.675	-682.5529	-79.00219
2.3686394259	0.675	-695.4869	-81.97572
2.4186394259	0.675	-708.6798	-84.95276
2.4686394259	0.675	-722.1152	-87.93299
2.5186394259	0.675	-735.7775	-90.91606
2.5686394259	0.675	-749.6519	-93.9015
2.6186394259	0.675	-763.7242	-96.88879
2.6686394259	0.675	-777.9806	-99.8773
2.7186394259	0.675	-792.4072	-102.86632
2.7686394259	0.675	-806.9907	-105.8551
2.8186394259	0.675	-821.7176	-108.84278
2.8686394259	0.675	-836.5748	-111.82845
2.9186394259	0.675	-851.5493	-114.81115
2.9686394259	0.675	-866.6142	-117.78926
3.0186394259	0.675	-881.7974	-120.76353
3.0686394259	0.675	-897.0454	-123.7311
3.1186394259	0.675	-912.3592	-126.6913
3.1686394259	0.675	-927.7258	-129.6432
3.2186394259	0.675	-943.1333	-132.5855
3.2686394259	0.675	-958.5692	-135.517
3.3186394259	0.675	-974.0214	-138.4366
3.3686394259	0.675	-989.4782	-141.343
3.4186394259	0.675	-1004.9281	-144.2352
3.4686394259	0.675	-1020.3599	-147.1119
3.5186394259	0.675	-1035.762	-149.9719
3.5686394259	0.675	-1051.1242	-152.8142
3.6186394259	0.675	-1066.4357	-155.6376
3.6686394259	0.675	-1081.6869	-158.441
3.7186394259	0.675	-1096.868	-161.2233
3.7686394259	0.675	-1111.969	-163.9835
3.8186394259	0.675	-1126.982	-166.7206
1.3686394259	0.7	-853.4	-31.5
1.4186394259	0.7	-834.46	-47.533
1.4686394259	0.7	-818.87	-46.827
1.5186394259	0.7	-813.28	-48.1802
1.5686394259	0.7	-813.291	-50.448
1.6186394259	0.7	-816.864	-53.1807
1.6686394259	0.7	-823.079	-56.2065
1.7186394259	0.7	-831.326	-59.422
1.7686394259	0.7	-841.174	-62.7611
1.8186394259	0.7	-852.337	-66.1857
1.8686394259	0.7	-864.606	-69.6716
1.9186394259	0.7	-877.823	-73.2016
1.9686394259	0.7	-891.862	-76.764
2.0186394259	0.7	-906.63	-80.3509
2.0686394259	0.7	-894.849	-82.0939
2.1186394259	0.7	-938.058	-87.5793
2.1686394259	0.7	-954.6092	-91.2149
2.2186394259	0.7	-971.6595	-94.8624
2.2686394259	0.7	-989.1741	-98.5209
2.3186394259	0.7	-990.5068	-99.6647
2.3686394259	0.7	-1025.4771	-105.8675
2.4186394259	0.7	-1044.2134	-109.5544
2.4686394259	0.7	-1063.3083	-113.2496
2.5186394259	0.7	-1082.7403	-116.9522
2.5686394259	0.7	-1102.4883	-120.6617
2.6186394259	0.7	-1122.5324	-124.377
2.6686394259	0.7	-1142.8527	-128.0974
2.7186394259	0.7	-1163.4298	-131.8216
2.7686394259	0.7	-1184.243	-135.5485
2.8186394259	0.7	-1205.2761	-139.2772
2.8686394259	0.7	-1226.5084	-143.0061
2.9186394259	0.7	-1247.9188	-146.7341
2.9686394259	0.7	-1269.4948	-150.4596
3.0186394259	0.7	-1291.2113	-154.1813
3.0686394259	0.7	-1313.0517	-157.8977
3.1186394259	0.7	-1334.998	-161.6071
3.1686394259	0.7	-1357.031	-165.3082
3.2186394259	0.7	-1379.133	-168.9994
3.2686394259	0.7	-1401.286	-172.679
3.3186394259	0.7	-1423.473	-176.3455
3.3686394259	0.7	-1445.675	-179.9973
3.4186394259	0.7	-1467.877	-183.633
3.4686394259	0.7	-1490.061	-187.2508
3.5186394259	0.7	-1512.212	-190.8493
3.5686394259	0.7	-1534.313	-194.427
3.6186394259	0.7	-1556.349	-197.9823
3.6686394259	0.7	-1578.305	-201.514
3.7186394259	0.7	-1600.168	-205.0204
3.7686394259	0.7	-1621.922	-208.5003
3.8186394259	0.7	-1643.555	-211.9523
1.3686394259	0.725	-401.6	761.
1.4186394259	0.725	-1266.91	-68.048
1.4686394259	0.725	-1248.83	-66.755
1.5186394259	0.725	-1243.23	-68.185
1.5686394259	0.725	-1244.945	-70.8541
1.6186394259	0.725	-1251.091	-74.0994
1.6686394259	0.725	-1260.768	-77.7452
1.7186394259	0.725	-1248.155	-79.5529
1.7686394259	0.725	-1287.63	-85.7064
1.8186394259	0.725	-1304.226	-89.941
1.8686394259	0.725	-1322.129	-94.2461
1.9186394259	0.725	-1341.685	-98.6434
1.9686394259	0.725	-1362.478	-103.1023
2.0186394259	0.725	-1384.149	-107.5853
2.0686394259	0.725	-1406.829	-112.1075
2.1186394259	0.725	-1430.256	-116.6475
2.1686394259	0.725	-1454.578	-121.2213
2.2186394259	0.725	-1479.543	-125.8095
2.2686394259	0.725	-1505.19	-130.4176
2.3186394259	0.725	-1531.706	-135.0625
2.3686394259	0.725	-1558.752	-139.7189
2.4186394259	0.725	-1585.71	-144.341
2.4686394259	0.725	-1614.179	-149.0537
2.5186394259	0.725	-1642.781	-153.7517
2.5686394259	0.725	-1671.762	-158.4564
2.6186394259	0.725	-1701.593	-163.2003
2.6686394259	0.725	-1731.457	-167.9281
2.7186394259	0.725	-1761.235	-172.6339
2.7686394259	0.725	-1792.786	-177.4384
2.8186394259	0.725	-1823.827	-182.1934
2.8686394259	0.725	-1853.845	-186.8735
2.9186394259	0.725	-1886.746	-191.7098
2.9686394259	0.725	-1918.601	-196.4696
3.0186394259	0.725	-1951.055	-201.2481
3.0686394259	0.725	-1983.306	-206.0002
3.1186394259	0.725	-2015.909	-210.7562
3.1686394259	0.725	-2048.565	-215.4992
3.2186394259	0.725	-2081.336	-220.2319
3.2686394259	0.725	-2114.197	-224.9524
3.3186394259	0.725	-2147.114	-229.6583
3.3686394259	0.725	-2180.079	-234.3479
3.4186394259	0.725	-2213.049	-239.0187
3.4686394259	0.725	-2246.006	-243.6688
3.5186394259	0.725	-2278.921	-248.296
3.5686394259	0.725	-2311.774	-252.8983
3.6186394259	0.725	-2344.541	-257.4738
3.6686394259	0.725	-2377.199	-262.0205
3.7186394259	0.725	-2409.727	-266.5365
3.7686394259	0.725	-2442.103	-271.02
3.8186394259	0.725	-2474.307	-275.4691
1.3686394259	0.75	688.	2436.
1.4186394259	0.75	-1987.41	-98.51
1.4686394259	0.75	-1968.9	-96.564
1.5186394259	0.75	-1964.88	-98.059
1.5686394259	0.75	-1969.82	-101.132
1.6186394259	0.75	-1981.22	-105.117
1.6686394259	0.75	-1997.411	-109.6521
1.7186394259	0.75	-2017.331	-114.5514
1.7686394259	0.75	-2040.561	-119.728
1.8186394259	0.75	-2066.081	-125.0597
1.8686394259	0.75	-2094.42	-130.5856
1.9186394259	0.75	-2124.376	-136.1855
1.9686394259	0.75	-2155.947	-141.8582
2.0186394259	0.75	-2189.416	-147.6274
2.0686394259	0.75	-2224.09	-153.4366
2.1186394259	0.75	-2257.314	-159.0739
2.1686394259	0.75	-2238.4	-162.4429
2.2186394259	0.75	-2333.824	-170.9976
2.2686394259	0.75	-2375.49	-177.1306
2.3186394259	0.75	-2414.028	-183.0108
2.3686394259	0.75	-2456.46	-189.1276
2.4186394259	0.75	-2498.829	-195.2005
2.4686394259	0.75	-2541.441	-201.2717
2.5186394259	0.75	-2581.337	-207.1354
2.5686394259	0.75	-2630.593	-213.567
2.6186394259	0.75	-2674.765	-219.6675
2.6686394259	0.75	-2721.6	-225.9007
2.7186394259	0.75	-2752.659	-231.2347
2.7686394259	0.75	-2814.943	-238.2886
2.8186394259	0.75	-2859.561	-244.3554
2.8686394259	0.75	-2908.111	-250.6107
2.9186394259	0.75	-2960.001	-257.0226
2.9686394259	0.75	-3010.256	-263.33
3.0186394259	0.75	-3059.789	-269.5828
3.0686394259	0.75	-3109.7	-275.8366
3.1186394259	0.75	-3159.395	-282.063
3.1686394259	0.75	-3207.251	-288.1972
3.2186394259	0.75	-3260.789	-294.5533
3.2686394259	0.75	-3311.574	-300.7707
3.3186394259	0.75	-3362.368	-306.9687
3.3686394259	0.75	-3413.057	-313.1421
3.4186394259	0.75	-3464.132	-319.3051
3.4686394259	0.75	-3515.024	-325.4376
3.5186394259	0.75	-3565.872	-331.5426
3.5686394259	0.75	-3616.634	-337.6173
3.6186394259	0.75	-3667.276	-343.6589
3.6686394259	0.75	-3717.764	-349.6648
3.7186394259	0.75	-3758.14	-355.3836
3.7686394259	0.75	-3812.345	-361.4157
3.8186394259	0.75	-3744.857	-364.5088
1.3686394259	0.775	1226.	4079.6
1.4186394259	0.775	-3251.1	-145.907
1.4686394259	0.775	-3227.87	-141.156
1.5186394259	0.775	-3238.13	-144.423
1.5686394259	0.775	-3251.63	-148.195
1.6186394259	0.775	-3273.52	-153.189
1.6686394259	0.775	-3302.01	-158.966
1.7186394259	0.775	-3336.22	-165.313
1.7686394259	0.775	-3362.95	-169.4906
1.8186394259	0.775	-3417.11	-179.009
1.8686394259	0.775	-3448.64	-184.7955
1.9186394259	0.775	-3512.15	-193.6274
1.9686394259	0.775	-3561.456	-200.8984
2.0186394259	0.775	-3611.453	-208.2926
2.0686394259	0.775	-3671.39	-216.2436
2.1186394259	0.775	-3729.755	-224.08
2.1686394259	0.775	-3789.442	-231.9269
2.2186394259	0.775	-3847.14	-239.5429
2.2686394259	0.775	-3915.439	-247.8987
2.3186394259	0.775	-3979.469	-255.8489
2.3686394259	0.775	-4039.357	-263.5935
2.4186394259	0.775	-4106.483	-271.6966
2.4686394259	0.775	-4182.942	-280.2602
2.5186394259	0.775	-4252.869	-288.4287
2.5686394259	0.775	-4310.245	-296.1207
2.6186394259	0.775	-4398.607	-305.0508
2.6686394259	0.775	-4471.685	-313.3326
2.7186394259	0.775	-4515.21	-320.1524
2.7686394259	0.775	-4621.429	-330.0381
2.8186394259	0.775	-4669.944	-337.1495
2.8686394259	0.775	-4744.599	-345.4596
2.9186394259	0.775	-4843.102	-354.7887
2.9686394259	0.775	-4917.823	-363.1083
3.0186394259	0.775	-5010.755	-372.1247
3.0686394259	0.775	-5070.789	-379.7598
3.1186394259	0.775	-5124.788	-387.0938
3.1686394259	0.775	-5249.576	-397.3766
3.2186394259	0.775	-5344.964	-406.4193
3.2686394259	0.775	-5427.195	-414.8691
3.3186394259	0.775	-5509.331	-423.2901
3.3686394259	0.775	-5589.809	-431.6299
3.4186394259	0.775	-5673.925	-440.061
3.4686394259	0.775	-5756.277	-448.4033
3.5186394259	0.775	-5838.558	-456.7115
3.5686394259	0.775	-5920.734	-464.9816
3.6186394259	0.775	-6002.731	-473.2098
3.6686394259	0.775	-6066.048	-480.9306
3.7186394259	0.775	-6143.745	-488.9849
3.7686394259	0.775	-6194.796	-496.356
3.8186394259	0.775	-6256.812	-503.7099
1.3686394259	0.8	2279.	7097.
1.4186394259	0.8	-5598.3	-221.372
1.4686394259	0.8	-5507.28	-209.018
1.5186394259	0.8	-5618.32	-218.48
1.5686394259	0.8	-5652.45	-223.432
1.6186394259	0.8	-5697.77	-230.108
1.6686394259	0.8	-5752.02	-237.867
1.7186394259	0.8	29611.48	2700.869
1.7686394259	0.8	-5875.99	-254.704
1.8186394259	0.8	-5958.46	-265.071
1.8686394259	0.8	-6039.44	-274.986
1.9186394259	0.8	2641.47	156.51
1.9686394259	0.8	-6205.67	-294.989
2.0186394259	0.8	-6304.65	-305.872
2.0686394259	0.8	-488.23	-58.2609
2.1186394259	0.8	-6499.68	-327.264
2.1686394259	0.8	-6560.91	-336.963
2.2186394259	0.8	-6702.2	-348.7857
2.2686394259	0.8	-6815.044	-360.0754
2.3186394259	0.8	-6920.179	-370.9802
2.3686394259	0.8	-7042.843	-382.6734
2.4186394259	0.8	-7139.7	-393.23
2.4686394259	0.8	-7268.342	-405.0993
2.5186394259	0.8	-7346.31	-414.9563
2.5686394259	0.8	-7453.673	-426.0115
2.6186394259	0.8	-7599.128	-438.3235
2.6686394259	0.8	-7720.089	-449.687
2.7186394259	0.8	-7880.567	-462.7008
2.7686394259	0.8	-7978.152	-473.397
2.8186394259	0.8	-8106.11	-484.912
2.8686394259	0.8	-8254.031	-497.642
2.9186394259	0.8	-8388.632	-509.3208
2.9686394259	0.8	-8464.06	-519.6946
3.0186394259	0.8	-8619.793	-531.7125
3.0686394259	0.8	-8777.779	-544.263
3.1186394259	0.8	-8984.345	-558.7115
3.1686394259	0.8	-9125.333	-570.7045
3.2186394259	0.8	-9265.145	-582.6242
3.2686394259	0.8	-9405.384	-594.5278
3.3186394259	0.8	-9545.999	-606.4115
3.3686394259	0.8	-9686.882	-618.2694
3.4186394259	0.8	-9827.949	-630.0956
3.4686394259	0.8	-9969.	-641.884
3.5186394259	0.8	-10016.035	-652.0331
3.5686394259	0.8	-9430.395	-642.3323
3.6186394259	0.8	-9852.001	-662.3767
3.6686394259	0.8	-10146.678	-683.0663
3.7186394259	0.8	-10079.52	-691.0644
3.7686394259	0.8	-9983.49	-697.2129
3.8186394259	0.8	-10628.57	-717.9154