0.0000000000000000
0.0078740157480315
0.0157480314960630
0.0236220472440945
0.0314960629921260
0.0393700787401575
0.0472440944881890
0.0551181102362205
0.0629921259842520
0.0708661417322835
0.0787401574803150
0.0866141732283465
0.0944881889763780
0.1023622047244094
0.1102362204724409
0.1181102362204724
0.1259842519685039
0.1338582677165354
0.1417322834645669
0.1496062992125984
0.1574803149606299
0.1653543307086614
0.1732283464566929
0.1811023622047244
0.1889763779527559
0.1968503937007874
0.2047244094488189
0.2125984251968504
0.2204724409448819
0.2283464566929134
0.2362204724409449
0.2440944881889764
0.2519685039370079
0.2598425196850394
0.2677165354330708
0.2755905511811024
0.2834645669291339
0.2913385826771653
0.2992125984251969
0.3070866141732284
0.3149606299212598
0.3228346456692913
0.3307086614173228
0.3385826771653543
0.3464566929133858
0.3543307086614173
0.3622047244094488
0.3700787401574803
0.3779527559055118
0.3858267716535433
0.3937007874015748
0.4015748031496063
0.4094488188976378
0.4173228346456693
0.4251968503937008
0.4330708661417323
0.4409448818897638
0.4488188976377953
0.4566929133858267
0.4645669291338583
0.4724409448818898
0.4803149606299212
0.4881889763779528
0.4960629921259843
0.5039370078740157
0.5118110236220472
0.5196850393700787
0.5275590551181102
0.5354330708661417
0.5433070866141733
0.5511811023622047
0.5590551181102362
0.5669291338582677
0.5748031496062992
0.5826771653543307
0.5905511811023622
0.5984251968503937
0.6062992125984252
0.6141732283464567
0.6220472440944882
0.6299212598425197
0.6377952755905512
0.6456692913385826
0.6535433070866141
0.6614173228346456
0.6692913385826772
0.6771653543307087
0.6850393700787402
0.6929133858267716
0.7007874015748031
0.7086614173228346
0.7165354330708661
0.7244094488188977
0.7322834645669292
0.7401574803149606
0.7480314960629921
0.7559055118110236
0.7637795275590551
0.7716535433070866
0.7795275590551181
0.7874015748031495
0.7952755905511811
0.8031496062992126
0.8110236220472441
0.8188976377952756
0.8267716535433071
0.8346456692913385
0.8425196850393700
0.8503937007874016
0.8582677165354331
0.8661417322834646
0.8740157480314961
0.8818897637795275
0.8897637795275590
0.8976377952755905
0.9055118110236220
0.9133858267716535
0.9212598425196851
0.9291338582677166
0.9370078740157480
0.9448818897637795
0.9527559055118110
0.9606299212598425
0.9685039370078740
0.9763779527559056
0.9842519685039370
0.9921259842519685
1.0000000000000000
