0.0000000000000000
0.0255550625999976
0.0511101251999952
0.0766651877999928
0.1022202503999904
0.1277753129999880
0.1533303755999856
0.1788854381999832
0.2044405007999808
0.2299955633999784
0.2555506259999760
0.2811056885999735
0.3066607511999712
0.3322158137999688
0.3577708763999664
0.3833259389999639
0.4088810015999615
0.4344360641999592
0.4599911267999567
0.4855461893999543
0.5111012519999519
0.5366563145999496
0.5622113771999471
0.5877664397999447
0.6133215023999423
0.6388765649999399
0.6644316275999376
0.6899866901999351
0.7155417527999327
0.7410968153999303
0.7666518779999278
0.7922069405999255
0.8177620031999231
0.8433170657999207
0.8688721283999183
0.8944271909999159
