0.0000000000000000
0.0255600000000000
0.0511100000000000
0.0766700000000000
0.1022200000000000
0.1277800000000000
0.1533300000000000
0.1788900000000000
0.2044400000000000
0.2300000000000000
0.2555500000000000
0.2811100000000000
0.3066600000000000
0.3322200000000000
0.3577700000000000
0.3833300000000000
0.4088800000000000
0.4344400000000000
0.4599900000000000
0.4855500000000000
0.5111000000000000
0.5366600000000000
0.5622100000000000
0.5877700000000000
0.6133200000000000
0.6388800000000000
0.6644300000000000
0.6899900000000000
0.7155400000000000
0.7411000000000000
0.7666500000000001
0.7922100000000000
0.8177600000000000
0.8433200000000000
0.8688700000000000
0.8944299999999999
