1.368639426	0.	1.494163808
1.418639426	0.	1.434595672
1.468639426	0.	1.377688272
1.518639426	0.	1.323247978
1.568639426	0.	1.271104586
1.618639426	0.	1.221107911
1.668639426	0.	1.173124918
1.718639426	0.	1.1270373
1.768639426	0.	1.0827394212
1.818639426	0.	1.0401365708
1.868639426	0.	0.9991434769
1.918639426	0.	0.9596830319
1.968639426	0.	0.9216852022
2.018639426	0.	0.885086092
2.068639426	0.	0.8498271374
2.118639426	0.	0.8158544117
2.168639426	0.	0.7831180265
2.218639426	0.	0.7515716147
2.268639426	0.	0.7211718839
2.318639426	0.	0.6918782303
2.368639426	0.	0.6636524062
2.418639426	0.	0.6364582322
2.468639426	0.	0.6102613499
2.518639426	0.	0.5850290091
2.568639426	0.	0.5607298847
2.618639426	0.	0.5373339198
2.668639426	0.	0.5148121921
2.718639426	0.	0.4931368
2.768639426	0.	0.472280765
2.818639426	0.	0.4522179507
2.868639426	0.	0.4329229929
2.918639426	0.	0.4143712426
2.968639426	0.	0.3965387171
3.018639426	0.	0.3794020604
3.068639426	0.	0.3629385098
3.118639426	0.	0.347125869
3.168639426	0.	0.3319424859
3.218639426	0.	0.3173672346
3.268639426	0.	0.3033795009
3.318639426	0.	0.2899591708
3.368639426	0.	0.2770866208
3.418639426	0.	0.2647427104
3.468639426	0.	0.2529087759
3.518639426	0.	0.2415666252
3.568639426	0.	0.2306985332
3.618639426	0.	0.2202872384
3.668639426	0.	0.2103159386
3.718639426	0.	0.2007682878
3.768639426	0.	0.1916283928
3.818639426	0.	0.182880809
1.368639426	0.025	1.486841911
1.418639426	0.025	1.422363786
1.468639426	0.025	1.365792625
1.518639426	0.025	1.312104969
1.568639426	0.025	1.260775138
1.618639426	0.025	1.21157089
1.668639426	0.025	1.16433475
1.718639426	0.025	1.118941633
1.768639426	0.025	1.0752855959
1.818639426	0.025	1.0332741658
1.868639426	0.025	0.9928252751
1.918639426	0.025	0.9538653023
1.968639426	0.025	0.9163276705
2.018639426	0.025	0.8801517721
2.068639426	0.025	0.8452821058
2.118639426	0.025	0.8116675662
2.168639426	0.025	0.7792608476
2.218639426	0.025	0.7480179405
2.268639426	0.025	0.7178977013
2.318639426	0.025	0.6888614847
2.368639426	0.025	0.6608728283
2.418639426	0.025	0.6338971822
2.468639426	0.025	0.6079016764
2.518639426	0.025	0.5828549218
2.568639426	0.025	0.5587268395
2.618639426	0.025	0.5354885155
2.668639426	0.025	0.5131120761
2.718639426	0.025	0.491570583
2.768639426	0.025	0.4708379443
2.818639426	0.025	0.450888839
2.868639426	0.025	0.4316986546
2.918639426	0.025	0.4132434347
2.968639426	0.025	0.3954998358
3.018639426	0.025	0.3784450913
3.068639426	0.025	0.3620569831
3.118639426	0.025	0.3463138174
3.168639426	0.025	0.3311944065
3.218639426	0.025	0.3166780535
3.268639426	0.025	0.3027445405
3.318639426	0.025	0.2893741195
3.368639426	0.025	0.2765475051
3.418639426	0.025	0.2642458694
3.468639426	0.025	0.252450837
3.518639426	0.025	0.2411444825
3.568639426	0.025	0.2303093267
3.618639426	0.025	0.2199283352
3.668639426	0.025	0.2099849153
3.718639426	0.025	0.2004629144
3.768639426	0.025	0.1913466174
3.818639426	0.025	0.1826207443
1.368639426	0.05	1.485022929
1.418639426	0.05	1.412678655
1.468639426	0.05	1.355306302
1.518639426	0.05	1.301796107
1.568639426	0.05	1.250932582
1.618639426	0.05	1.20228961
1.668639426	0.05	1.155637119
1.718639426	0.05	1.1108189104
1.768639426	0.05	1.0677149884
1.818639426	0.05	1.0262266982
1.868639426	0.05	0.9862696884
1.918639426	0.05	0.9477700654
1.968639426	0.05	0.9106620335
2.018639426	0.05	0.8748863063
2.068639426	0.05	0.8403889614
2.118639426	0.05	0.8071205696
2.168639426	0.05	0.7750355092
2.218639426	0.05	0.7440914104
2.268639426	0.05	0.7142486987
2.318639426	0.05	0.6854702131
2.368639426	0.05	0.6577208859
2.418639426	0.05	0.6309674711
2.468639426	0.05	0.6051783145
2.518639426	0.05	0.5803231587
2.568639426	0.05	0.5563729769
2.618639426	0.05	0.5332998325
2.668639426	0.05	0.5110767601
2.718639426	0.05	0.4896776646
2.768639426	0.05	0.4690772371
2.818639426	0.05	0.4492508845
2.868639426	0.05	0.4301746701
2.918639426	0.05	0.4118252656
2.968639426	0.05	0.3941799109
3.018639426	0.05	0.3772163819
3.068639426	0.05	0.3609129645
3.118639426	0.05	0.3452484334
3.168639426	0.05	0.3302020363
3.218639426	0.05	0.3157534809
3.268639426	0.05	0.3018829255
3.318639426	0.05	0.2885709714
3.368639426	0.05	0.2757986581
3.418639426	0.05	0.2635474589
3.468639426	0.05	0.251799279
3.518639426	0.05	0.2405364526
3.568639426	0.05	0.2297417423
3.618639426	0.05	0.2193983376
3.668639426	0.05	0.209489854
3.718639426	0.05	0.2000003317
3.768639426	0.05	0.1909142348
3.818639426	0.05	0.182216449
1.368639426	0.075	1.485007335
1.418639426	0.075	1.404505238
1.468639426	0.075	1.345768463
1.518639426	0.075	1.292067366
1.568639426	0.075	1.241419789
1.618639426	0.075	1.193159799
1.668639426	0.075	1.146959578
1.718639426	0.075	1.1026171982
1.768639426	0.075	1.059989557
1.818639426	0.075	1.018965886
1.868639426	0.075	0.9794554823
1.918639426	0.075	0.9413812844
1.968639426	0.075	0.9046761499
2.018639426	0.075	0.8692805094
2.068639426	0.075	0.8351407823
2.118639426	0.075	0.8022082448
2.168639426	0.075	0.7704381839
2.218639426	0.075	0.7397892443
2.268639426	0.075	0.7102229084
2.318639426	0.075	0.6817030773
2.368639426	0.075	0.6541957261
2.418639426	0.075	0.6276686177
2.468639426	0.075	0.6020910654
2.518639426	0.075	0.5774337324
2.568639426	0.075	0.5536684648
2.618639426	0.075	0.53076815
2.668639426	0.075	0.5087065993
2.718639426	0.075	0.4874584483
2.768639426	0.075	0.4669990745
2.818639426	0.075	0.447304529
2.868639426	0.075	0.4283514793
2.918639426	0.075	0.4101171635
2.968639426	0.075	0.3925793523
3.018639426	0.075	0.3757163187
3.068639426	0.075	0.3595068137
3.118639426	0.075	0.3439300477
3.168639426	0.075	0.3289656759
3.218639426	0.075	0.3145937873
3.268639426	0.075	0.3007948964
3.318639426	0.075	0.287549938
3.368639426	0.075	0.2748402628
3.418639426	0.075	0.2626476355
3.468639426	0.075	0.2509542327
3.518639426	0.075	0.2397426427
3.568639426	0.075	0.2289958651
3.618639426	0.075	0.2186973105
3.668639426	0.075	0.2088308009
3.718639426	0.075	0.199380569
3.768639426	0.075	0.1903312585
3.818639426	0.075	0.1816679226
1.368639426	0.1	1.485827122
1.418639426	0.1	1.397269542
1.468639426	0.1	1.336861808
1.518639426	0.1	1.282723371
1.568639426	0.1	1.232107146
1.618639426	0.1	1.184090981
1.668639426	0.1	1.138236669
1.718639426	0.1	1.0942878962
1.768639426	0.1	1.0520725185
1.818639426	0.1	1.0114634842
1.868639426	0.1	0.9723607288
1.918639426	0.1	0.9346817919
1.968639426	0.1	0.8983564926
2.018639426	0.1	0.8633236697
2.068639426	0.1	0.8295290543
2.118639426	0.1	0.7969238044
2.168639426	0.1	0.7654634497
2.218639426	0.1	0.7351071028
2.268639426	0.1	0.7058168524
2.318639426	0.1	0.6775572854
2.368639426	0.1	0.6502951038
2.418639426	0.1	0.623998813
2.468639426	0.1	0.5986384668
2.518639426	0.1	0.574185456
2.568639426	0.1	0.5506123337
2.618639426	0.1	0.5278926698
2.668639426	0.1	0.5060009298
2.718639426	0.1	0.4849123745
2.768639426	0.1	0.464602977
2.818639426	0.1	0.4450493539
2.868639426	0.1	0.4262287095
2.918639426	0.1	0.4081187897
2.968639426	0.1	0.3906978457
3.018639426	0.1	0.3739446042
3.068639426	0.1	0.3578382446
3.118639426	0.1	0.3423583814
3.168639426	0.1	0.3274850504
3.218639426	0.1	0.3131986991
3.268639426	0.1	0.2994801797
3.318639426	0.1	0.2863107446
3.368639426	0.1	0.2736720433
3.418639426	0.1	0.2615461211
3.468639426	0.1	0.2499154186
3.518639426	0.1	0.2387627718
3.568639426	0.1	0.228071413
3.618639426	0.1	0.2178249712
3.668639426	0.1	0.2080074731
3.718639426	0.1	0.198603344
3.768639426	0.1	0.1895974073
3.818639426	0.1	0.1809748857
1.368639426	0.125	1.48702337
1.418639426	0.125	1.390604932
1.468639426	0.125	1.32835231
1.518639426	0.125	1.27360725
1.568639426	0.125	1.222884361
1.618639426	0.125	1.175002703
1.668639426	0.125	1.129408033
1.718639426	0.125	1.0857847323
1.768639426	0.125	1.0439277926
1.818639426	0.125	1.0036909737
1.868639426	0.125	0.9649626313
1.918639426	0.125	0.9276531928
1.968639426	0.125	0.891688097
2.018639426	0.125	0.8570035253
2.068639426	0.125	0.8235436632
2.118639426	0.125	0.7912588537
2.168639426	0.125	0.7601042962
2.218639426	0.125	0.7300390966
2.268639426	0.125	0.7010255525
2.318639426	0.125	0.6730286024
2.368639426	0.125	0.6460153921
2.418639426	0.125	0.6199549287
2.468639426	0.125	0.5948178004
2.518639426	0.125	0.5705759488
2.568639426	0.125	0.5472024822
2.618639426	0.125	0.5246715211
2.668639426	0.125	0.5029580719
2.718639426	0.125	0.4820379225
2.768639426	0.125	0.4618875563
2.818639426	0.125	0.4424840819
2.868639426	0.125	0.4238051763
2.918639426	0.125	0.4058290383
2.968639426	0.125	0.3885343517
3.018639426	0.125	0.371900256
3.068639426	0.125	0.3559063239
3.118639426	0.125	0.3405325436
3.168639426	0.125	0.3257593062
3.218639426	0.125	0.3115673962
3.268639426	0.125	0.2979379852
3.318639426	0.125	0.2848526284
3.368639426	0.125	0.2722932616
3.418639426	0.125	0.2602422012
3.468639426	0.125	0.2486821439
3.518639426	0.125	0.2375961679
3.568639426	0.125	0.2269677338
3.618639426	0.125	0.2167806865
3.668639426	0.125	0.2070192562
3.718639426	0.125	0.19766806
3.768639426	0.125	0.1887121025
3.818639426	0.125	0.1801367766
1.368639426	0.15	1.488319854
1.418639426	0.15	1.3842532
1.468639426	0.15	1.320057473
1.518639426	0.15	1.264588188
1.568639426	0.15	1.213654864
1.618639426	0.15	1.16582175
1.668639426	0.15	1.120416932
1.718639426	0.15	1.0770629377
1.768639426	0.15	1.0355195248
1.818639426	0.15	0.9956192768
1.868639426	0.15	0.9572373527
1.918639426	0.15	0.9202757602
1.968639426	0.15	0.884654498
2.018639426	0.15	0.8503062252
2.068639426	0.15	0.8171728716
2.118639426	0.15	0.7852033765
2.168639426	0.15	0.7543521178
2.218639426	0.15	0.7245777822
2.268639426	0.15	0.6958425278
2.318639426	0.15	0.6681113483
2.368639426	0.15	0.6413515805
2.418639426	0.15	0.6155325157
2.468639426	0.15	0.5906250902
2.518639426	0.15	0.566601635
2.568639426	0.15	0.5434356737
2.618639426	0.15	0.5211017568
2.668639426	0.15	0.4995753265
2.718639426	0.15	0.4788326063
2.768639426	0.15	0.4588505106
2.818639426	0.15	0.4396065712
2.868639426	0.15	0.4210788778
2.918639426	0.15	0.4032460302
2.968639426	0.15	0.3860870999
3.018639426	0.15	0.3695816006
3.068639426	0.15	0.3537094647
3.118639426	0.15	0.3384510258
3.168639426	0.15	0.3237870058
3.218639426	0.15	0.3096985059
3.268639426	0.15	0.296167
3.318639426	0.15	0.2831743317
3.368639426	0.15	0.2707027117
3.418639426	0.15	0.2587347181
3.468639426	0.15	0.2472532966
3.518639426	0.15	0.2362417619
3.568639426	0.15	0.2256837995
3.618639426	0.15	0.2155634674
3.668639426	0.15	0.2058651984
3.718639426	0.15	0.1965738012
3.768639426	0.15	0.1876744624
3.818639426	0.15	0.179152747
1.368639426	0.175	1.489524055
1.418639426	0.175	1.378018399
1.468639426	0.175	1.311828083
1.518639426	0.175	1.25555332
1.568639426	0.175	1.204331824
1.618639426	0.175	1.156480046
1.668639426	0.175	1.111209067
1.718639426	0.175	1.0680785513
1.768639426	0.175	1.0268116618
1.818639426	0.175	0.9872184911
1.868639426	0.175	0.9491598436
1.918639426	0.175	0.9125283214
1.968639426	0.175	0.8772376525
2.018639426	0.175	0.8432162765
2.068639426	0.175	0.810403281
2.118639426	0.175	0.7787457067
2.168639426	0.175	0.7481966909
2.218639426	0.175	0.7187141441
2.268639426	0.175	0.6902597797
2.318639426	0.175	0.662798385
2.368639426	0.175	0.6362972622
2.418639426	0.175	0.6107257923
2.468639426	0.175	0.5860550905
2.518639426	0.175	0.562257731
2.568639426	0.175	0.5393075251
2.618639426	0.175	0.5171793421
2.668639426	0.175	0.4958489632
2.718639426	0.175	0.475292963
2.768639426	0.175	0.4554886132
2.818639426	0.175	0.4364138045
2.868639426	0.175	0.4180469836
2.918639426	0.175	0.4003671024
2.968639426	0.175	0.3833535783
3.018639426	0.175	0.3669862625
3.068639426	0.175	0.351245416
3.118639426	0.175	0.3361116909
3.168639426	0.175	0.3215661171
3.218639426	0.175	0.307590093
3.268639426	0.175	0.2941653788
3.318639426	0.175	0.2812740931
3.368639426	0.175	0.2688987106
3.418639426	0.175	0.2570220625
3.468639426	0.175	0.2456273367
3.518639426	0.175	0.2346980797
3.568639426	0.175	0.224218198
3.618639426	0.175	0.2141719612
3.668639426	0.175	0.2045440033
3.718639426	0.175	0.195319325
3.768639426	0.175	0.1864832958
3.818639426	0.175	0.1780216548
1.368639426	0.2	1.49048688
1.418639426	0.2	1.371742485
1.468639426	0.2	1.303536966
1.518639426	0.2	1.246402193
1.568639426	0.2	1.194835229
1.618639426	0.2	1.146913006
1.668639426	0.2	1.1017316033
1.718639426	0.2	1.0587878185
1.768639426	0.2	1.0177675659
1.818639426	0.2	0.9784576328
1.868639426	0.2	0.9407036666
1.918639426	0.2	0.9043881336
1.968639426	0.2	0.8694178487
2.018639426	0.2	0.8357164751
2.068639426	0.2	0.8032197775
2.118639426	0.2	0.7718724848
2.168639426	0.2	0.7416261372
2.218639426	0.2	0.712437562
2.268639426	0.2	0.6842677625
2.318639426	0.2	0.6570810892
2.368639426	0.2	0.6308446098
2.418639426	0.2	0.6055276208
2.468639426	0.2	0.5811012645
2.518639426	0.2	0.5575382254
2.568639426	0.2	0.5348124869
2.618639426	0.2	0.5128991352
2.668639426	0.2	0.4917742017
2.718639426	0.2	0.4714145345
2.768639426	0.2	0.4517976944
2.818639426	0.2	0.4329018716
2.868639426	0.2	0.4147058175
2.918639426	0.2	0.3971887913
2.968639426	0.2	0.3803305168
3.018639426	0.2	0.3641111489
3.068639426	0.2	0.3485112477
3.118639426	0.2	0.3335117589
3.168639426	0.2	0.3190939991
3.218639426	0.2	0.3052396458
3.268639426	0.2	0.2919307303
3.318639426	0.2	0.279149634
3.368639426	0.2	0.2668790855
3.418639426	0.2	0.2551021611
3.468639426	0.2	0.243802285
3.518639426	0.2	0.2329632305
3.568639426	0.2	0.222569123
3.618639426	0.2	0.2126044411
3.668639426	0.2	0.2030540198
3.718639426	0.2	0.1939030525
3.768639426	0.2	0.1851370927
3.818639426	0.2	0.1767420555
1.368639426	0.225	1.491083068
1.418639426	0.225	1.365291227
1.468639426	0.225	1.295071659
1.518639426	0.225	1.237042836
1.568639426	0.225	1.185089652
1.618639426	0.225	1.137058207
1.668639426	0.225	1.0919323457
1.718639426	0.225	1.0491466543
1.768639426	0.225	1.008349653
1.818639426	0.225	0.9693043839
1.868639426	0.225	0.9318408125
1.918639426	0.225	0.895830746
1.968639426	0.225	0.8611735992
2.018639426	0.225	0.8277878198
2.068639426	0.225	0.7956054608
2.118639426	0.225	0.7645685966
2.168639426	0.225	0.7346268708
2.218639426	0.225	0.7057357648
2.268639426	0.225	0.6778553416
2.318639426	0.225	0.650949314
2.368639426	0.225	0.6249843388
2.418639426	0.225	0.5999294732
2.468639426	0.225	0.5757557509
2.518639426	0.225	0.5524358473
2.568639426	0.225	0.5299438125
2.618639426	0.225	0.5082548581
2.668639426	0.225	0.4873451842
2.718639426	0.225	0.467191841
2.768639426	0.225	0.4477726161
2.818639426	0.225	0.4290659442
2.868639426	0.225	0.4110508339
2.918639426	0.225	0.3937068096
2.968639426	0.225	0.3770138652
3.018639426	0.225	0.3609524279
3.068639426	0.225	0.3455033299
3.118639426	0.225	0.330647787
3.168639426	0.225	0.3163673829
3.218639426	0.225	0.3026440576
3.268639426	0.225	0.2894600997
3.318639426	0.225	0.2767981419
3.368639426	0.225	0.2646411577
3.418639426	0.225	0.2529724612
3.468639426	0.225	0.2417757073
3.518639426	0.225	0.2310348929
3.568639426	0.225	0.2207343589
3.618639426	0.225	0.2108587925
3.668639426	0.225	0.2013932295
3.718639426	0.225	0.1923230562
3.768639426	0.225	0.1836340121
3.818639426	0.225	0.1753121908
1.368639426	0.25	1.491200391
1.418639426	0.25	1.358545433
1.468639426	0.25	1.286329367
1.518639426	0.25	1.227388839
1.568639426	0.25	1.175022501
1.618639426	0.25	1.126854289
1.668639426	0.25	1.0817590148
1.718639426	0.25	1.0391101507
1.768639426	0.25	0.9985190432
1.818639426	0.25	0.9597248356
1.868639426	0.25	0.922541506
1.918639426	0.25	0.8868298473
1.968639426	0.25	0.8524815169
2.018639426	0.25	0.8194094094
2.068639426	0.25	0.7875415559
2.118639426	0.25	0.7568170972
2.168639426	0.25	0.72718353
2.218639426	0.25	0.6985947676
2.268639426	0.25	0.671009736
2.318639426	0.25	0.6443913357
2.368639426	0.25	0.6187056581
2.418639426	0.25	0.593921385
2.468639426	0.25	0.5700093205
2.518639426	0.25	0.5469420244
2.568639426	0.25	0.5246935196
2.618639426	0.25	0.5032390591
2.668639426	0.25	0.4825549387
2.718639426	0.25	0.4626183459
2.768639426	0.25	0.4434072382
2.818639426	0.25	0.4249002446
2.868639426	0.25	0.407076587
2.918639426	0.25	0.3899160168
2.968639426	0.25	0.3733987649
3.018639426	0.25	0.3575055016
3.068639426	0.25	0.3422173065
3.118639426	0.25	0.3275156443
3.168639426	0.25	0.3133823476
3.218639426	0.25	0.2997996038
3.268639426	0.25	0.2867499464
3.318639426	0.25	0.2742162489
3.368639426	0.25	0.2621817217
3.418639426	0.25	0.2506299105
3.468639426	0.25	0.2395446962
3.518639426	0.25	0.2289102959
3.568639426	0.25	0.2187112646
3.618639426	0.25	0.208932497
3.668639426	0.25	0.19955923
3.718639426	0.25	0.1905770445
3.768639426	0.25	0.1819718677
3.818639426	0.25	0.1737299744
1.368639426	0.275	1.490733026
1.418639426	0.275	1.35139511
1.468639426	0.275	1.277213329
1.518639426	0.275	1.217357109
1.568639426	0.275	1.164562583
1.618639426	0.275	1.1162400044
1.668639426	0.275	1.0711585947
1.718639426	0.275	1.0286321102
1.768639426	0.275	0.9882352156
1.818639426	0.275	0.9496832235
1.868639426	0.275	0.9127739955
1.918639426	0.275	0.8773570941
1.968639426	0.275	0.843316172
2.018639426	0.275	0.8105583198
2.068639426	0.275	0.7790073064
2.118639426	0.275	0.7485991149
2.168639426	0.275	0.7192788908
2.218639426	0.275	0.6909987937
2.268639426	0.275	0.6637164458
2.318639426	0.275	0.6373937859
2.368639426	0.275	0.6119962068
2.418639426	0.275	0.5874918951
2.468639426	0.275	0.5638513199
2.518639426	0.275	0.5410468304
2.568639426	0.275	0.5190523384
2.618639426	0.275	0.4978430643
2.668639426	0.275	0.4773953334
2.718639426	0.275	0.4576864122
2.768639426	0.275	0.4386943766
2.818639426	0.275	0.4203980047
2.868639426	0.275	0.4027766922
2.918639426	0.275	0.3858103826
2.968639426	0.275	0.3694795133
3.018639426	0.275	0.353764972
3.068639426	0.275	0.3386480629
3.118639426	0.275	0.3241104805
3.168639426	0.275	0.3101342902
3.218639426	0.275	0.2967019131
3.268639426	0.275	0.2837961163
3.318639426	0.275	0.2714000055
3.368639426	0.275	0.2594970205
3.418639426	0.275	0.2480709335
3.468639426	0.275	0.2371058475
3.518639426	0.275	0.2265861976
3.568639426	0.275	0.2164967516
3.618639426	0.275	0.2068226116
3.668639426	0.275	0.1975492166
3.718639426	0.275	0.1886623436
3.768639426	0.275	0.1801481101
3.818639426	0.275	0.1719929754
1.368639426	0.3	1.489577109
1.418639426	0.3	1.34373535
1.468639426	0.3	1.267630074
1.518639426	0.3	1.206866064
1.568639426	0.3	1.15363889
1.618639426	0.3	1.105153375
1.668639426	0.3	1.0600767233
1.718639426	0.3	1.0176645908
1.768639426	0.3	0.977455657
1.818639426	0.3	0.9391416481
1.868639426	0.3	0.9025043246
1.918639426	0.3	0.8673819193
1.968639426	0.3	0.8336499272
2.018639426	0.3	0.80120946
2.068639426	0.3	0.7699798455
2.118639426	0.3	0.7398937358
2.168639426	0.3	0.7108937613
2.218639426	0.3	0.6829301767
2.268639426	0.3	0.655959162
2.318639426	0.3	0.6299415681
2.368639426	0.3	0.6048419751
2.418639426	0.3	0.5806279722
2.468639426	0.3	0.5572696009
2.518639426	0.3	0.5347389176
2.568639426	0.3	0.5130096492
2.618639426	0.3	0.4920569176
2.668639426	0.3	0.4718570191
2.718639426	0.3	0.4523872477
2.768639426	0.3	0.4336257514
2.818639426	0.3	0.4155514173
2.868639426	0.3	0.3981437789
2.918639426	0.3	0.3813829411
2.968639426	0.3	0.3652495209
3.018639426	0.3	0.3497245997
3.068639426	0.3	0.3347896866
3.118639426	0.3	0.3204266887
3.168639426	0.3	0.3066178898
3.218639426	0.3	0.293345933
3.268639426	0.3	0.2805938093
3.318639426	0.3	0.2683448488
3.368639426	0.3	0.2565827151
3.418639426	0.3	0.2452914023
3.468639426	0.3	0.234455233
3.518639426	0.3	0.2240588585
3.568639426	0.3	0.2140872589
3.618639426	0.3	0.2045257447
3.668639426	0.3	0.1953599582
3.718639426	0.3	0.186575875
3.768639426	0.3	0.1781598059
3.818639426	0.3	0.170098398
1.368639426	0.325	1.487627467
1.418639426	0.325	1.33546324
1.468639426	0.325	1.257487237
1.518639426	0.325	1.195834115
1.568639426	0.325	1.14217953
1.618639426	0.325	1.0935309089
1.668639426	0.325	1.0484571062
1.718639426	0.325	1.0061574511
1.768639426	0.325	0.966135498
1.818639426	0.325	0.9280597756
1.868639426	0.325	0.8916960802
1.918639426	0.325	0.8568713159
1.968639426	0.325	0.8234527485
2.018639426	0.325	0.7913354037
2.068639426	0.325	0.7604340451
2.118639426	0.325	0.7306778656
2.168639426	0.325	0.7020068552
2.218639426	0.325	0.6743692441
2.268639426	0.325	0.6477196575
2.318639426	0.325	0.622017755
2.368639426	0.325	0.5972272087
2.418639426	0.325	0.5733149239
2.468639426	0.325	0.5502504356
2.518639426	0.325	0.5280054367
2.568639426	0.325	0.5065534054
2.618639426	0.325	0.4858693079
2.668639426	0.325	0.4659293606
2.718639426	0.325	0.4467108392
2.768639426	0.325	0.4281919238
2.818639426	0.325	0.410351575
2.868639426	0.325	0.393169433
2.918639426	0.325	0.3766257366
2.968639426	0.325	0.3607012586
3.018639426	0.325	0.3453772541
3.068639426	0.325	0.3306354191
3.118639426	0.325	0.3164578591
3.168639426	0.325	0.3028270637
3.218639426	0.325	0.289725888
3.268639426	0.325	0.2771375389
3.318639426	0.325	0.2650455646
3.368639426	0.325	0.2534338479
3.418639426	0.325	0.2422866018
3.468639426	0.325	0.2315883667
3.518639426	0.325	0.2213240093
3.568639426	0.325	0.2114787228
3.618639426	0.325	0.2020380272
3.668639426	0.325	0.1929877703
3.718639426	0.325	0.1843141293
3.768639426	0.325	0.1760036118
3.818639426	0.325	0.1680430569
1.368639426	0.35	1.484775002
1.418639426	0.35	1.326475412
1.468639426	0.35	1.246691741
1.518639426	0.35	1.184178349
1.568639426	0.35	1.130110744
1.618639426	0.35	1.081306857
1.668639426	0.35	1.0362409331
1.718639426	0.35	0.9940578809
1.768639426	0.35	0.9542271264
1.818639426	0.35	0.9163945125
1.868639426	0.35	0.8803101125
1.918639426	0.35	0.8457895909
1.968639426	0.35	0.8126919869
2.018639426	0.35	0.7809061933
2.068639426	0.35	0.750342337
2.118639426	0.35	0.7209260664
2.168639426	0.35	0.692594641
2.218639426	0.35	0.6652941765
2.268639426	0.35	0.6389776563
2.318639426	0.35	0.6136034662
2.368639426	0.35	0.5891342936
2.418639426	0.35	0.5655362881
2.468639426	0.35	0.5427784135
2.518639426	0.35	0.5208319394
2.568639426	0.35	0.4996700414
2.618639426	0.35	0.4792674814
2.668639426	0.35	0.4596003525
2.718639426	0.35	0.4406458729
2.768639426	0.35	0.4223822208
2.818639426	0.35	0.4047883992
2.868639426	0.35	0.3878441283
2.918639426	0.35	0.3715297576
2.968639426	0.35	0.3558261956
3.018639426	0.35	0.3407148533
3.068639426	0.35	0.3261775994
3.118639426	0.35	0.3121967249
3.168639426	0.35	0.2987549154
3.218639426	0.35	0.28583523
3.268639426	0.35	0.2734210849
3.318639426	0.35	0.2614962419
3.368639426	0.35	0.2500447998
3.418639426	0.35	0.2390511885
3.468639426	0.35	0.2285001655
3.518639426	0.35	0.2183768138
3.568639426	0.35	0.2086665406
3.618639426	0.35	0.1993550776
3.668639426	0.35	0.1904284815
3.718639426	0.35	0.1818731345
3.768639426	0.35	0.1736757452
3.818639426	0.35	0.1658233494
1.368639426	0.375	1.480904408
1.418639426	0.375	1.316665971
1.468639426	0.375	1.235148204
1.518639426	0.375	1.171813311
1.568639426	0.375	1.1173559714
1.618639426	0.375	1.0684124756
1.668639426	0.375	1.0233662825
1.718639426	0.375	0.9813099087
1.768639426	0.375	0.9416797706
1.818639426	0.375	0.9040996458
1.868639426	0.375	0.8683042203
1.918639426	0.375	0.8340980871
1.968639426	0.375	0.8013321276
2.018639426	0.375	0.769889112
2.068639426	0.375	0.7396745046
2.118639426	0.375	0.7106103644
2.168639426	0.375	0.6826311634
2.218639426	0.375	0.6556808414
2.268639426	0.375	0.6297106776
2.318639426	0.375	0.6046777219
2.368639426	0.375	0.5805436177
2.418639426	0.375	0.5572737032
2.468639426	0.375	0.5348363184
2.518639426	0.375	0.5132022616
2.568639426	0.375	0.4923443618
2.618639426	0.375	0.4722371367
2.668639426	0.375	0.4528565197
2.718639426	0.375	0.4341796399
2.768639426	0.375	0.4161846441
2.818639426	0.375	0.398850553
2.868639426	0.375	0.3821571444
2.918639426	0.375	0.366084859
2.968639426	0.375	0.3506147243
3.018639426	0.375	0.3357282933
3.068639426	0.375	0.3214075953
3.118639426	0.375	0.3076350973
3.168639426	0.375	0.294393673
3.218639426	0.375	0.281666579
3.268639426	0.375	0.2694374369
3.318639426	0.375	0.2576902189
3.368639426	0.375	0.2464092381
3.418639426	0.375	0.2355791409
3.468639426	0.375	0.2251849025
3.518639426	0.375	0.2152118233
3.568639426	0.375	0.2056455275
3.618639426	0.375	0.1964719616
3.668639426	0.375	0.1876773948
3.718639426	0.375	0.1792484187
3.768639426	0.375	0.171171948
3.818639426	0.375	0.1634352207
1.368639426	0.4	1.475892046
1.418639426	0.4	1.305924642
1.468639426	0.4	1.222757468
1.518639426	0.4	1.15864985
1.568639426	0.4	1.1038349293
1.618639426	0.4	1.0547752747
1.668639426	0.4	1.0097674969
1.718639426	0.4	0.9678538721
1.768639426	0.4	0.9284390426
1.818639426	0.4	0.8911254434
1.868639426	0.4	0.8556327955
1.918639426	0.4	0.8217548627
1.968639426	0.4	0.7893345004
2.018639426	0.4	0.7582484185
2.068639426	0.4	0.7283974388
2.118639426	0.4	0.699700023
2.168639426	0.4	0.6720878321
2.218639426	0.4	0.6455025962
2.268639426	0.4	0.6198938508
2.318639426	0.4	0.5952172689
2.368639426	0.4	0.5714334075
2.418639426	0.4	0.5485067529
2.468639426	0.4	0.5264049818
2.518639426	0.4	0.5050983848
2.568639426	0.4	0.4845594098
2.618639426	0.4	0.4647622993
2.668639426	0.4	0.4456827987
2.718639426	0.4	0.4272979224
2.768639426	0.4	0.4095857633
2.818639426	0.4	0.3925253394
2.868639426	0.4	0.3760964688
2.918639426	0.4	0.3602796684
2.968639426	0.4	0.3450560717
3.018639426	0.4	0.3304073629
3.068639426	0.4	0.3163157232
3.118639426	0.4	0.3027637883
3.168639426	0.4	0.2897346147
3.218639426	0.4	0.277211653
3.268639426	0.4	0.2651787273
3.318639426	0.4	0.2536200191
3.368639426	0.4	0.2425200557
3.418639426	0.4	0.2318637013
3.468639426	0.4	0.2216361504
3.518639426	0.4	0.211822924
3.568639426	0.4	0.2024098663
3.618639426	0.4	0.1933831431
3.668639426	0.4	0.1847292408
3.718639426	0.4	0.1764349659
3.768639426	0.4	0.1684874449
3.818639426	0.4	0.1608741239
1.368639426	0.425	1.469603821
1.418639426	0.425	1.294135015
1.468639426	0.425	1.209415182
1.518639426	0.425	1.144593969
1.568639426	0.425	1.0894626672
1.618639426	0.425	1.0403182308
1.668639426	0.425	0.9953745128
1.718639426	0.425	0.9536258384
1.768639426	0.425	0.9144464299
1.818639426	0.425	0.8774182022
1.868639426	0.425	0.8422464178
1.918639426	0.425	0.8087143245
1.968639426	0.425	0.7766569431
2.018639426	0.425	0.7459450378
2.068639426	0.425	0.716474851
2.118639426	0.425	0.688161277
2.168639426	0.425	0.6609331738
2.218639426	0.425	0.634730055
2.268639426	0.425	0.609499697
2.318639426	0.425	0.5851963743
2.368639426	0.425	0.5617795334
2.418639426	0.425	0.5392127823
2.468639426	0.425	0.5174631089
2.518639426	0.425	0.4965002705
2.568639426	0.425	0.4762963103
2.618639426	0.425	0.4568251729
2.668639426	0.425	0.4380623957
2.718639426	0.425	0.4199848593
2.768639426	0.425	0.4025705866
2.818639426	0.425	0.3857985785
2.868639426	0.425	0.3696486805
2.918639426	0.425	0.3541014751
2.968639426	0.425	0.3391381932
3.018639426	0.425	0.3247406426
3.068639426	0.425	0.3108911508
3.118639426	0.425	0.2975725184
3.168639426	0.425	0.2847679817
3.218639426	0.425	0.2724611838
3.268639426	0.425	0.2606361508
3.318639426	0.425	0.2492772746
3.368639426	0.425	0.2383692982
3.418639426	0.425	0.2278973061
3.468639426	0.425	0.2178467158
3.518639426	0.425	0.2082032728
3.568639426	0.425	0.1989530463
3.618639426	0.425	0.1900824266
3.668639426	0.425	0.1815781232
3.718639426	0.425	0.1734271636
3.768639426	0.425	0.1656168927
3.818639426	0.425	0.1581349719
1.368639426	0.45	1.461892966
1.418639426	0.45	1.281172801
1.468639426	0.45	1.195010371
1.518639426	0.45	1.129545643
1.568639426	0.45	1.0741485749
1.618639426	0.45	1.0249589392
1.668639426	0.45	0.980112127
1.718639426	0.45	0.9385569603
1.768639426	0.45	0.8996387228
1.818639426	0.45	0.8629197342
1.868639426	0.45	0.8280913887
1.918639426	0.45	0.7949268015
1.968639426	0.45	0.7632534107
2.018639426	0.45	0.7329361992
2.068639426	0.45	0.7038669373
2.118639426	0.45	0.6759570187
2.168639426	0.45	0.6491325378
2.218639426	0.45	0.6233308128
2.268639426	0.45	0.5984978689
2.318639426	0.45	0.5745865809
2.368639426	0.45	0.5515552777
2.418639426	0.45	0.5293666787
2.468639426	0.45	0.5079870705
2.518639426	0.45	0.4873856635
2.568639426	0.45	0.4675340826
2.618639426	0.45	0.4484059616
2.668639426	0.45	0.429976617
2.718639426	0.45	0.4122227852
2.768639426	0.45	0.3951224083
2.818639426	0.45	0.3786544614
2.868639426	0.45	0.3627988107
2.918639426	0.45	0.3475360978
2.968639426	0.45	0.332847646
3.018639426	0.45	0.318715384
3.068639426	0.45	0.305121783
3.118639426	0.45	0.2920498072
3.168639426	0.45	0.2794828731
3.218639426	0.45	0.2674048169
3.268639426	0.45	0.2557998694
3.318639426	0.45	0.244652635
3.368639426	0.45	0.2339480765
3.418639426	0.45	0.2236715028
3.468639426	0.45	0.2138085596
3.518639426	0.45	0.2043452224
3.568639426	0.45	0.1952677916
3.618639426	0.45	0.1865628883
3.668639426	0.45	0.1782174523
3.718639426	0.45	0.1702187396
3.768639426	0.45	0.1625543208
3.818639426	0.45	0.1552120806
1.368639426	0.475	1.452597306
1.418639426	0.475	1.266903961
1.468639426	0.475	1.179423916
1.518639426	0.475	1.1133975482
1.568639426	0.475	1.057795302
1.618639426	0.475	1.0086086799
1.668639426	0.475	0.9638991763
1.718639426	0.475	0.9225727475
1.768639426	0.475	0.883947361
1.818639426	0.475	0.8475667743
1.868639426	0.475	0.8131091911
1.918639426	0.475	0.7803380492
1.968639426	0.475	0.7490735162
2.018639426	0.475	0.7191750108
2.068639426	0.475	0.6905299812
2.118639426	0.475	0.6630464258
2.168639426	0.475	0.6366477475
2.218639426	0.475	0.6112691175
2.268639426	0.475	0.5868548415
2.318639426	0.475	0.5633564143
2.368639426	0.475	0.5407310586
2.418639426	0.475	0.5189406101
2.468639426	0.475	0.4979506554
2.518639426	0.475	0.4777298565
2.568639426	0.475	0.4582494173
2.618639426	0.475	0.439482657
2.668639426	0.475	0.4214046676
2.718639426	0.475	0.4039920371
2.768639426	0.475	0.3872226243
2.818639426	0.475	0.3710753758
2.868639426	0.475	0.355530176
2.918639426	0.475	0.3405677249
2.968639426	0.475	0.3261694381
3.018639426	0.475	0.3123173652
3.068639426	0.475	0.2989941229
3.118639426	0.475	0.2861828414
3.168639426	0.475	0.2738671201
3.218639426	0.475	0.2620309923
3.268639426	0.475	0.2506588976
3.318639426	0.475	0.2397356584
3.368639426	0.475	0.2292464629
3.418639426	0.475	0.2191768506
3.468639426	0.475	0.2095127021
3.518639426	0.475	0.2002402302
3.568639426	0.475	0.1913459739
3.618639426	0.475	0.1828167934
3.668639426	0.475	0.1746398669
3.718639426	0.475	0.1668026869
3.768639426	0.475	0.1592930591
3.818639426	0.475	0.1520990998
1.368639426	0.5	1.44153559
1.418639426	0.5	1.251182434
1.468639426	0.5	1.162526797
1.518639426	0.5	1.0960336106
1.568639426	0.5	1.0402975243
1.618639426	0.5	0.9911713462
1.668639426	0.5	0.9466475927
1.718639426	0.5	0.9055922226
1.768639426	0.5	0.8672976718
1.818639426	0.5	0.831290288
1.868639426	0.5	0.7972358546
1.918639426	0.5	0.7648886637
1.968639426	0.5	0.7340619885
2.018639426	0.5	0.7046099534
2.068639426	0.5	0.6764158816
2.118639426	0.5	0.6493845195
2.168639426	0.5	0.6234366843
2.218639426	0.5	0.5985054779
2.268639426	0.5	0.5745335425
2.318639426	0.5	0.5514710343
2.368639426	0.5	0.5292740993
2.418639426	0.5	0.5079037112
2.468639426	0.5	0.4873247718
2.518639426	0.5	0.4675054066
2.568639426	0.5	0.4484164063
2.618639426	0.5	0.4300307821
2.668639426	0.5	0.4123234065
2.718639426	0.5	0.3952707235
2.768639426	0.5	0.3788505124
2.818639426	0.5	0.363041695
2.868639426	0.5	0.3478241779
2.918639426	0.5	0.3331787238
2.968639426	0.5	0.3190868448
3.018639426	0.5	0.3055307165
3.068639426	0.5	0.2924931065
3.118639426	0.5	0.2799573163
3.168639426	0.5	0.2679071349
3.218639426	0.5	0.2563267993
3.268639426	0.5	0.2452009649
3.318639426	0.5	0.2345146798
3.368639426	0.5	0.2242533653
3.418639426	0.5	0.2144028003
3.468639426	0.5	0.2049491085
3.518639426	0.5	0.1958787491
3.568639426	0.5	0.187178509
3.618639426	0.5	0.1788354968
3.668639426	0.5	0.1708371385
3.718639426	0.5	0.1631711734
3.768639426	0.5	0.1558256516
3.818639426	0.5	0.1487889313
1.368639426	0.525	1.428505359
1.418639426	0.525	1.233847538
1.468639426	0.525	1.144177918
1.518639426	0.525	1.0773272149
1.568639426	0.525	1.0215404311
1.618639426	0.525	0.9725421403
1.668639426	0.525	0.9282612579
1.718639426	0.525	0.8875269016
1.768639426	0.525	0.849607952
1.818639426	0.525	0.8140146357
1.868639426	0.525	0.7804011902
1.918639426	0.525	0.7485133767
1.968639426	0.525	0.7181580179
2.018639426	0.525	0.6891842722
2.068639426	0.525	0.661471583
2.118639426	0.525	0.6349216301
2.168639426	0.525	0.6094527858
2.218639426	0.525	0.5849961902
2.268639426	0.525	0.5614929051
2.318639426	0.525	0.5388918112
2.368639426	0.525	0.5171480273
2.418639426	0.525	0.4962217036
2.468639426	0.525	0.4760770881
2.518639426	0.525	0.4566817935
2.568639426	0.525	0.4380062183
2.618639426	0.525	0.4200230821
2.668639426	0.525	0.4027070527
2.718639426	0.525	0.3860344428
2.768639426	0.525	0.3699829636
2.818639426	0.525	0.3545315228
2.868639426	0.525	0.3396600595
2.918639426	0.525	0.3253494085
2.968639426	0.525	0.3115811882
3.018639426	0.525	0.2983377096
3.068639426	0.525	0.2856019004
3.118639426	0.525	0.2733572436
3.168639426	0.525	0.261587727
3.218639426	0.525	0.2502778015
3.268639426	0.525	0.2394123481
3.318639426	0.525	0.2289766511
3.368639426	0.525	0.2189563751
3.418639426	0.525	0.2093375487
3.468639426	0.525	0.2001065501
3.518639426	0.525	0.1912500952
3.568639426	0.525	0.1827552298
3.618639426	0.525	0.1746093222
3.668639426	0.525	0.1668000571
3.718639426	0.525	0.1593154317
3.768639426	0.525	0.1521437519
3.818639426	0.525	0.1452736286
1.368639426	0.55	1.413276488
1.418639426	0.55	1.214721222
1.468639426	0.55	1.1242216763
1.518639426	0.55	1.0571390306
1.568639426	0.55	1.0013978243
1.618639426	0.55	0.95260591
1.668639426	0.55	0.9086345385
1.718639426	0.55	0.8682794918
1.768639426	0.55	0.8307883004
1.818639426	0.55	0.7956565177
1.868639426	0.55	0.7625278283
1.918639426	0.55	0.731140171
1.968639426	0.55	0.7012944395
2.018639426	0.55	0.6728352177
2.068639426	0.55	0.6456383684
2.118639426	0.55	0.6196027349
2.168639426	0.55	0.594644424
2.218639426	0.55	0.5706927542
2.268639426	0.55	0.5476873171
2.318639426	0.55	0.5255758058
2.368639426	0.55	0.5043123818
2.418639426	0.55	0.4838564294
2.468639426	0.55	0.4641715885
2.518639426	0.55	0.4452249985
2.568639426	0.55	0.4269866981
2.618639426	0.55	0.4094291438
2.668639426	0.55	0.392526823
2.718639426	0.55	0.376255939
2.768639426	0.55	0.3605941543
2.818639426	0.55	0.3455203809
2.868639426	0.55	0.3310146069
2.918639426	0.55	0.3170577551
2.968639426	0.55	0.3036315652
3.018639426	0.55	0.2907184981
3.068639426	0.55	0.2783016555
3.118639426	0.55	0.2663647157
3.168639426	0.55	0.2548918785
3.218639426	0.55	0.2438678224
3.268639426	0.55	0.2332776671
3.318639426	0.55	0.2231069459
3.368639426	0.55	0.2133415803
3.418639426	0.55	0.2039678613
3.468639426	0.55	0.1949724344
3.518639426	0.55	0.1863422854
3.568639426	0.55	0.178064732
3.618639426	0.55	0.1701274144
3.668639426	0.55	0.1625182895
3.718639426	0.55	0.1552256248
3.768639426	0.55	0.1482379943
3.818639426	0.55	0.1415442745
1.368639426	0.575	1.395583369
1.418639426	0.575	1.193602768
1.468639426	0.575	1.1024843493
1.518639426	0.575	1.0353141182
1.568639426	0.575	0.9797296172
1.618639426	0.575	0.9312349396
1.668639426	0.575	0.8876503207
1.718639426	0.575	0.8477421357
1.768639426	0.575	0.8107390398
1.818639426	0.575	0.7761235478
1.868639426	0.575	0.7435299224
1.918639426	0.575	0.7126890974
1.968639426	0.575	0.6833966465
2.018639426	0.575	0.6554930439
2.068639426	0.575	0.6288509301
2.118639426	0.575	0.6033665941
2.168639426	0.575	0.5789540984
2.218639426	0.575	0.5555411163
2.268639426	0.575	0.5330659106
2.318639426	0.575	0.5114751009
2.368639426	0.575	0.4907219843
2.418639426	0.575	0.4707652552
2.468639426	0.575	0.4515680111
2.518639426	0.575	0.4330969715
2.568639426	0.575	0.4153218616
2.618639426	0.575	0.3982149154
2.668639426	0.575	0.3817504754
2.718639426	0.575	0.3659046671
2.768639426	0.575	0.3506551332
2.818639426	0.575	0.3359808155
2.868639426	0.575	0.3218617753
2.918639426	0.575	0.3082790455
2.968639426	0.575	0.2952145082
3.018639426	0.575	0.2826507938
3.068639426	0.575	0.2705711976
3.118639426	0.575	0.2589596106
3.168639426	0.575	0.2478004629
3.218639426	0.575	0.2370786768
3.268639426	0.575	0.2267796283
3.318639426	0.575	0.2168891155
3.368639426	0.575	0.2073933327
3.418639426	0.575	0.1982788494
3.468639426	0.575	0.189532593
3.518639426	0.575	0.1811418354
3.568639426	0.575	0.1730941804
3.618639426	0.575	0.1653775556
3.668639426	0.575	0.157980204
3.718639426	0.575	0.1508906781
3.768639426	0.575	0.1440978343
3.818639426	0.575	0.1375908286
1.368639426	0.6	1.375109249
1.418639426	0.6	1.170261496
1.468639426	0.6	1.0787678462
1.518639426	0.6	1.0116768687
1.568639426	0.6	0.9563776845
1.618639426	0.6	0.9082854366
1.668639426	0.6	0.8651769613
1.718639426	0.6	0.8257937228
1.768639426	0.6	0.789348324
1.818639426	0.6	0.7553121059
1.868639426	0.6	0.7233112107
1.918639426	0.6	0.6930705146
1.968639426	0.6	0.6643809855
2.018639426	0.6	0.6370795369
2.068639426	0.6	0.611036018
2.118639426	0.6	0.5861445025
2.168639426	0.6	0.56231728
2.218639426	0.6	0.5394805962
2.268639426	0.6	0.5175715614
2.318639426	0.6	0.4965358654
2.368639426	0.6	0.4763260608
2.418639426	0.6	0.4569002505
2.468639426	0.6	0.4382210732
2.518639426	0.6	0.4202549007
2.568639426	0.6	0.4029712064
2.618639426	0.6	0.3863420558
2.668639426	0.6	0.370341694
2.718639426	0.6	0.3549462113
2.768639426	0.6	0.3401332688
2.818639426	0.6	0.3258818731
2.868639426	0.6	0.3121721905
2.918639426	0.6	0.2989853938
2.968639426	0.6	0.2863035347
3.018639426	0.6	0.2741094393
3.068639426	0.6	0.2623866203
3.118639426	0.6	0.2511192051
3.168639426	0.6	0.240291876
3.218639426	0.6	0.2298898205
3.268639426	0.6	0.2198986908
3.318639426	0.6	0.2103045701
3.368639426	0.6	0.2010939444
3.418639426	0.6	0.1922536804
3.468639426	0.6	0.1837710061
3.518639426	0.6	0.1756334963
3.568639426	0.6	0.1678290591
3.618639426	0.6	0.1603459259
3.668639426	0.6	0.1531726426
3.718639426	0.6	0.146298063
3.768639426	0.6	0.1397113417
3.818639426	0.6	0.13340192981
1.368639426	0.625	1.351496055
1.418639426	0.625	1.144424049
1.468639426	0.625	1.0528399716
1.518639426	0.625	0.9860226823
1.568639426	0.625	0.9311586283
1.618639426	0.625	0.8835912535
1.668639426	0.625	0.8410628234
1.718639426	0.625	0.8022950994
1.768639426	0.625	0.7664879019
1.818639426	0.625	0.7331035669
1.868639426	0.625	0.7017616366
1.918639426	0.625	0.672182044
1.968639426	0.625	0.6441519977
2.018639426	0.625	0.6175055075
2.068639426	0.625	0.5921101482
2.118639426	0.625	0.5678581901
2.168639426	0.625	0.5446604808
2.218639426	0.625	0.5224421064
2.268639426	0.625	0.5011392423
2.318639426	0.625	0.4806968289
2.368639426	0.625	0.4610668234
2.418639426	0.625	0.4422068644
2.468639426	0.625	0.4240792372
2.518639426	0.625	0.4066500586
2.568639426	0.625	0.3898886301
2.618639426	0.625	0.3737669181
2.668639426	0.625	0.3582591326
2.718639426	0.625	0.3433413836
2.768639426	0.625	0.3289914002
2.818639426	0.625	0.315188299
2.868639426	0.625	0.3019123923
2.918639426	0.625	0.2891450304
2.968639426	0.625	0.27686847
3.018639426	0.625	0.2650657651
3.068639426	0.625	0.2537206767
3.118639426	0.625	0.2428175971
3.168639426	0.625	0.2323414881
3.218639426	0.625	0.2222778285
3.268639426	0.625	0.2126125714
3.318639426	0.625	0.2033321085
3.368639426	0.625	0.1944232409
3.418639426	0.625	0.185873154
3.468639426	0.625	0.1776693978
3.518639426	0.625	0.1697998708
3.568639426	0.625	0.162252805
3.618639426	0.625	0.1550167552
3.668639426	0.625	0.1480805894
3.718639426	0.625	0.1414334806
3.768639426	0.625	0.1350648998
3.818639426	0.625	0.12896461059
1.368639426	0.65	1.324214145
1.418639426	0.65	1.1157518125
1.468639426	0.65	1.0244161657
1.518639426	0.65	0.9581027303
1.568639426	0.65	0.9038506892
1.618639426	0.65	0.8569523866
1.668639426	0.65	0.8151260604
1.718639426	0.65	0.7770799486
1.768639426	0.65	0.7420049497
1.818639426	0.65	0.7093569588
1.868639426	0.65	0.678750725
1.918639426	0.65	0.6499025736
1.968639426	0.65	0.6225969735
2.018639426	0.65	0.5966658278
2.068639426	0.65	0.5719750679
2.118639426	0.65	0.548415666
2.168639426	0.65	0.5258974354
2.218639426	0.65	0.5043446337
2.268639426	0.65	0.4836927745
2.318639426	0.65	0.4638862741
2.368639426	0.65	0.4448766828
2.418639426	0.65	0.4266213343
2.468639426	0.65	0.4090822971
2.518639426	0.65	0.3922255504
2.568639426	0.65	0.3760203265
2.618639426	0.65	0.3604385817
2.668639426	0.65	0.3454545702
2.718639426	0.65	0.3310444929
2.768639426	0.65	0.3171862104
2.818639426	0.65	0.3038590063
2.868639426	0.65	0.2910433916
2.918639426	0.65	0.2787209421
2.968639426	0.65	0.266874163
3.018639426	0.65	0.2554863774
3.068639426	0.65	0.2445416323
3.118639426	0.65	0.2340246208
3.168639426	0.65	0.2239206173
3.218639426	0.65	0.2142154234
3.268639426	0.65	0.204895323
3.318639426	0.65	0.195947045
3.368639426	0.65	0.1873577319
3.418639426	0.65	0.1791149145
3.468639426	0.65	0.1712064897
3.518639426	0.65	0.163620703
3.568639426	0.65	0.156346134
3.618639426	0.65	0.1493716832
3.668639426	0.65	0.1426865619
3.718639426	0.65	0.1362802834
3.768639426	0.65	0.13014265534
3.818639426	0.65	0.12426377327
1.368639426	0.675	1.292621731
1.418639426	0.675	1.0837997169
1.468639426	0.675	0.9931250284
1.518639426	0.675	0.9275943645
1.568639426	0.675	0.874167779
1.618639426	0.675	0.8281119547
1.668639426	0.675	0.7871340274
1.718639426	0.675	0.7499362371
1.768639426	0.675	0.7157052504
1.818639426	0.675	0.6838936431
1.868639426	0.675	0.654113579
1.918639426	0.675	0.6260794183
1.968639426	0.675	0.5995741505
2.018639426	0.675	0.5744285606
2.068639426	0.675	0.5505077221
2.118639426	0.675	0.5277019401
2.168639426	0.675	0.5059205049
2.218639426	0.675	0.485087264
2.268639426	0.675	0.4651374138
2.318639426	0.675	0.4460151335
2.368639426	0.675	0.4276718087
2.418639426	0.675	0.4100646732
2.468639426	0.675	0.3931557552
2.518639426	0.675	0.3769110476
2.568639426	0.675	0.3612998458
2.618639426	0.675	0.3462942131
2.668639426	0.675	0.3318685508
2.718639426	0.675	0.317999242
2.768639426	0.675	0.3046643609
2.818639426	0.675	0.2918434325
2.868639426	0.675	0.2795172331
2.918639426	0.675	0.2676676248
2.968639426	0.675	0.2562774181
3.018639426	0.675	0.2453302562
3.068639426	0.675	0.2348105198
3.118639426	0.675	0.224703247
3.168639426	0.675	0.2149940661
3.218639426	0.675	0.2056691403
3.268639426	0.675	0.1967151208
3.318639426	0.675	0.1881191078
3.368639426	0.675	0.1798686182
3.418639426	0.675	0.1719515588
3.468639426	0.675	0.1643562026
3.518639426	0.675	0.1570711717
3.568639426	0.675	0.1500854192
3.618639426	0.675	0.1433882171
3.668639426	0.675	0.1369691454
3.718639426	0.675	0.13081808165
3.768639426	0.675	0.12492519317
3.818639426	0.675	0.11928092985
1.368639426	0.7	1.263380073
1.418639426	0.7	1.0479231798
1.468639426	0.7	0.958439345
1.518639426	0.7	0.8940413742
1.568639426	0.7	0.8417064079
1.618639426	0.7	0.7967083733
1.668639426	0.7	0.7567597875
1.718639426	0.7	0.7205663949
1.768639426	0.7	0.6873165379
1.818639426	0.7	0.6564634254
1.868639426	0.7	0.62761945
1.918639426	0.7	0.6004991029
1.968639426	0.7	0.5748855029
2.018639426	0.7	0.5506095761
2.068639426	0.7	0.5275365405
2.118639426	0.7	0.5055568407
2.168639426	0.7	0.4845799006
2.218639426	0.7	0.4645296967
2.268639426	0.7	0.4453415561
2.318639426	0.7	0.4269597963
2.368639426	0.7	0.4093359552
2.418639426	0.7	0.3924274376
2.468639426	0.7	0.3761964644
2.518639426	0.7	0.3606092434
2.568639426	0.7	0.3456353101
2.618639426	0.7	0.3312469895
2.668639426	0.7	0.3174189664
2.718639426	0.7	0.3041279281
2.768639426	0.7	0.2913522712
2.818639426	0.7	0.2790718597
2.868639426	0.7	0.2672678237
2.918639426	0.7	0.2559223918
2.968639426	0.7	0.2450187522
3.018639426	0.7	0.2345409355
3.068639426	0.7	0.2244737174
3.118639426	0.7	0.2148025377
3.168639426	0.7	0.2055134315
3.218639426	0.7	0.1965929722
3.268639426	0.7	0.1880282241
3.318639426	0.7	0.1798067017
3.368639426	0.7	0.1719163369
3.418639426	0.7	0.1643454499
3.468639426	0.7	0.1570827273
3.518639426	0.7	0.1501171999
3.568639426	0.7	0.1434382279
3.618639426	0.7	0.1370354866
3.668639426	0.7	0.13089895363
3.718639426	0.7	0.12501889927
3.768639426	0.7	0.11938587774
3.818639426	0.7	0.11399071943
1.368639426	0.725	1.402291526
1.418639426	0.725	1.0071517408
1.468639426	0.725	0.9195343547
1.518639426	0.725	0.8567277087
1.568639426	0.725	0.8058320079
1.618639426	0.725	0.7621715045
1.668639426	0.725	0.7234861576
1.718639426	0.725	0.6884979701
1.768639426	0.725	0.6564049308
1.818639426	0.725	0.626666203
1.868639426	0.725	0.5988981611
1.918639426	0.725	0.5728181898
1.968639426	0.725	0.54821164
2.018639426	0.725	0.524911223
2.068639426	0.725	0.5027836095
2.118639426	0.725	0.4817204422
2.168639426	0.725	0.4616321447
2.218639426	0.725	0.4424435392
2.268639426	0.725	0.4240906816
2.318639426	0.725	0.4065185328
2.368639426	0.725	0.3896792125
2.418639426	0.725	0.3735306645
2.468639426	0.725	0.35803562
2.518639426	0.725	0.3431607796
2.568639426	0.725	0.3288761584
2.618639426	0.725	0.3151545578
2.668639426	0.725	0.3019711345
2.718639426	0.725	0.2893030469
2.768639426	0.725	0.2771291639
2.818639426	0.725	0.2654298227
2.868639426	0.725	0.2541866281
2.918639426	0.725	0.2433822848
2.968639426	0.725	0.2330004583
3.018639426	0.725	0.223025657
3.068639426	0.725	0.2134431352
3.118639426	0.725	0.2042388106
3.168639426	0.725	0.1953991953
3.218639426	0.725	0.1869113386
3.268639426	0.725	0.1787627783
3.318639426	0.725	0.1709415001
3.368639426	0.725	0.1634359031
3.418639426	0.725	0.1562347716
3.468639426	0.725	0.1493272499
3.518639426	0.725	0.1427028251
3.568639426	0.725	0.1363513045
3.618639426	0.725	0.13026280525
3.668639426	0.725	0.12442774062
3.718639426	0.725	0.11883680935
3.768639426	0.725	0.11348098642
3.818639426	0.725	0.10835151512
1.368639426	0.75	1.673281331
1.418639426	0.75	0.9596866191
1.468639426	0.75	0.8749572654
1.518639426	0.75	0.8143946576
1.568639426	0.75	0.7654206294
1.618639426	0.75	0.7234820089
1.668639426	0.75	0.6863798436
1.718639426	0.75	0.6528711734
1.768639426	0.75	0.622174975
1.818639426	0.75	0.5937636963
1.868639426	0.75	0.5672627464
1.918639426	0.75	0.5423960842
1.968639426	0.75	0.5189540941
2.018639426	0.75	0.4967734683
2.068639426	0.75	0.4757240916
2.118639426	0.75	0.4557002399
2.168639426	0.75	0.4366145198
2.218639426	0.75	0.4183935857
2.268639426	0.75	0.4009750531
2.318639426	0.75	0.3843052317
2.368639426	0.75	0.368337427
2.418639426	0.75	0.3530306433
2.468639426	0.75	0.3383485754
2.518639426	0.75	0.3242588109
2.568639426	0.75	0.3107321969
2.618639426	0.75	0.2977423149
2.668639426	0.75	0.2852650676
2.718639426	0.75	0.2732783288
2.768639426	0.75	0.2617616578
2.818639426	0.75	0.2506960612
2.868639426	0.75	0.2400637957
2.918639426	0.75	0.2298482028
2.968639426	0.75	0.220033571
3.018639426	0.75	0.2106050199
3.068639426	0.75	0.2015484039
3.118639426	0.75	0.1928502302
3.168639426	0.75	0.1844975915
3.218639426	0.75	0.1764781076
3.268639426	0.75	0.1687798781
3.318639426	0.75	0.1613914414
3.368639426	0.75	0.1543017405
3.418639426	0.75	0.1475000944
3.468639426	0.75	0.140976174
3.518639426	0.75	0.1347199809
3.568639426	0.75	0.12872183125
3.618639426	0.75	0.12297233928
3.668639426	0.75	0.1174624061
3.718639426	0.75	0.11218320827
3.768639426	0.75	0.10712618848
3.818639426	0.75	0.10228304739
1.368639426	0.775	1.884465285
1.418639426	0.775	0.9022014711
1.468639426	0.775	0.8219302178
1.518639426	0.775	0.7645492205
1.568639426	0.775	0.7182076474
1.618639426	0.775	0.6785631353
1.668639426	0.775	0.6435254094
1.718639426	0.775	0.6119128446
1.768639426	0.775	0.5829807864
1.818639426	0.775	0.5562248004
1.868639426	0.775	0.5312861728
1.918639426	0.775	0.5079005198
1.968639426	0.775	0.4858672054
2.018639426	0.775	0.4650300563
2.068639426	0.775	0.4452647408
2.118639426	0.775	0.4264702892
2.168639426	0.775	0.4085632628
2.218639426	0.775	0.3914736423
2.268639426	0.775	0.3751418747
2.318639426	0.775	0.3595167096
2.368639426	0.775	0.3445535821
2.418639426	0.775	0.3302133786
2.468639426	0.775	0.3164614775
2.518639426	0.775	0.3032669898
2.568639426	0.775	0.2906021509
2.618639426	0.775	0.2784418275
2.668639426	0.775	0.2667631135
2.718639426	0.775	0.2555449985
2.768639426	0.775	0.2447680925
2.818639426	0.775	0.2344143973
2.868639426	0.775	0.2244671163
2.918639426	0.775	0.2149104956
2.968639426	0.775	0.2057296907
3.018639426	0.775	0.1969106555
3.068639426	0.775	0.1884400485
3.118639426	0.775	0.1803051542
3.168639426	0.775	0.1724938179
3.218639426	0.775	0.1649943895
3.268639426	0.775	0.1577956775
3.318639426	0.775	0.1508869094
3.368639426	0.775	0.1442576988
3.418639426	0.775	0.1378980175
3.468639426	0.775	0.1317981719
3.518639426	0.775	0.12594878315
3.568639426	0.775	0.12034077016
3.618639426	0.775	0.11496533529
3.668639426	0.775	0.10981395203
3.718639426	0.775	0.10487835438
3.768639426	0.775	0.10015052775
3.818639426	0.775	0.09562270093
1.368639426	0.8	2.174669514
1.418639426	0.8	0.8274154225
1.468639426	0.8	0.7538658382
1.518639426	0.8	0.7014265586
1.568639426	0.8	0.6590102604
1.618639426	0.8	0.6227106681
1.668639426	0.8	0.5906331477
1.718639426	0.8	0.5616972723
1.768639426	0.8	0.5352182326
1.818639426	0.8	0.5107308851
1.868639426	0.8	0.4879045072
1.918639426	0.8	0.466495855
1.968639426	0.8	0.4463208785
2.018639426	0.8	0.4272367345
2.068639426	0.8	0.4091299757
2.118639426	0.8	0.3919086281
2.168639426	0.8	0.3754967625
2.218639426	0.8	0.3598306913
2.268639426	0.8	0.3448562532
2.318639426	0.8	0.3305268362
2.368639426	0.8	0.3168019054
2.418639426	0.8	0.3036458831
2.468639426	0.8	0.2910272779
2.518639426	0.8	0.2789179965
2.568639426	0.8	0.2672927908
2.618639426	0.8	0.2561288094
2.668639426	0.8	0.245405229
2.718639426	0.8	0.2351029521
2.768639426	0.8	0.2252043549
2.818639426	0.8	0.2156930789
2.868639426	0.8	0.2065538563
2.918639426	0.8	0.1977723647
2.968639426	0.8	0.1893351056
3.018639426	0.8	0.1812293024
3.068639426	0.8	0.1734428155
3.118639426	0.8	0.1659640705
3.168639426	0.8	0.1587819981
3.218639426	0.8	0.1518859846
3.268639426	0.8	0.1452658288
3.318639426	0.8	0.1389117071
3.368639426	0.8	0.1328141434
3.418639426	0.8	0.1269639842
3.468639426	0.8	0.12135237749
3.518639426	0.8	0.11597075473
3.568639426	0.8	0.11081081589
3.618639426	0.8	0.10586451666
3.668639426	0.8	0.10112405751
3.718639426	0.8	0.09658187433
3.768639426	0.8	0.09223063036
3.818639426	0.8	0.08806320917