6.05	0.	0.000897019931218494	0.013348582730064748
6.1	0.	0.0008561666795193624	0.012898911903770491
6.1499999999999995	0.	0.0008176046028209535	0.012469699957975542
6.2	0.	0.0007811797150197835	0.01205975534850077
6.25	0.	0.000746750194454016	0.011667972071495163
6.3	0.	0.000714185297640069	0.011293322502549087
6.35	0.	0.0006833641562103204	0.010934849298412147
6.3999999999999995	0.	0.000654175323367432	0.010591662591905427
6.45	0.	0.0006265155594502048	0.01026293166459698
6.5	0.	0.0006002891747010903	0.009947880532297997
6.55	0.	0.0005754076305356122	0.00964578538581606
6.6	0.	0.0005517887515608303	0.009355969144602698
6.65	0.	0.0005293562165124165	0.009077797988851425
6.7	0.	0.0005080390913706825	0.008810678163263917
6.75	0.	0.0004877711707891838	0.0085540512811728
6.8	0.	0.00046849118157270416	0.00830739610127107
6.85	0.	0.00045014197184319667	0.008070222654831575
6.9	0.	0.00043267028609001584	0.007842070734851393
6.95	0.	0.00041602570947060785	0.007622501899489848
7.	0.	0.00040016215580494763	0.007411111135322927
7.05	0.	0.00038503660545849227	0.007207517427699246
7.1	0.	0.00037060698562242774	0.007011347043967422
7.15	0.	0.0003568368232797096	0.006822270426918851
7.2	0.	0.00034368932113915503	0.006639955540640781
7.25	0.	0.00033113184711616993	0.006464103492171563
7.3	0.	0.0003191325012499672	0.006294421434024692
7.35	0.	0.0003076624613391745	0.006130641278134116
7.4	0.	0.000296693318929046	0.005972498466460668
7.45	0.	0.0002862005317210165	0.005819760043594008
7.5	0.	0.0002761575072184921	0.005672176191262457
7.55	0.	0.000266544137181306	0.0055295509941329654
7.6	0.	0.0002573359349325416	0.005391651821970499
7.65	0.	0.0002485146552670659	0.0052582987721624
7.7	0.	0.00024006129302737693	0.005129305427980868
7.75	0.	0.00023195516488943985	0.005004471044409769
7.8	0.	0.00022418258050176863	0.004883655001992366
7.85	0.	0.00021672607773632292	0.004766684045041905
7.9	0.	0.0002095688830334612	0.0046533909533447515
7.95	0.	0.00020269970099594825	0.004543656524142037
8.	0.	0.00019610404624701376	0.004437333441869662
8.05	0.	0.00018976625021595927	0.004334263798650485
8.1	0.	0.00018367794858218623	0.004234355076482815
8.15	0.	0.0001778277563526793	0.004137487715383866
8.2	0.	0.0001722010242687471	0.004043512247312262
8.25	0.	0.00016678987072965098	0.003952341211284464
8.3	0.	0.0001615859971081882	0.003863883325411055
8.35	0.	0.0001565800468575874	0.003778037614865958
8.4	0.	0.00015175827368014018	0.003694661846353301
8.45	0.	0.0001471170097275323	0.0036137085120880306
8.5	0.	0.00014264884703195867	0.0035350949515829794
8.55	0.	0.0001383462051343749	0.0034587368831372326
8.6	0.	0.00013419772023921868	0.0033845134537513364
8.65	0.	0.00013019936130114265	0.0033123746918279897
8.7	0.	0.000126346251697859	0.0032422624520727955
8.75	0.	0.0001226323453871382	0.0031741072850936056
8.8	0.	0.00011905106147840179	0.003107834408834253
8.85	0.	0.00011559229613582983	0.0030433339159859985
8.9	0.	0.00011225580108374144	0.0029805941633388564
8.95	0.	0.00010903683644143115	0.0029195587244829567
9.	0.	0.00010593066232819295	0.002860171173008422
9.05	0.	0.00010293253886332126	0.0028023750825053803
9.1	0.	0.0001000327911756867	0.002746063110400028
9.15	0.	0.00009723183732825962	0.002691232046739506
9.2	0.	0.00009452656891172465	0.002637842297621734
9.25	0.	0.00009191333986387673	0.002585848721976282
9.3	0.	0.00008938850412251105	0.0025352061787327247
9.35	0.	0.00008694794310988917	0.002485864463677728
9.4	0.	0.00008458331045016154	0.0024377280704978048
9.45	0.	0.0000822968897985668	0.0023908153967888593
9.5	0.	0.00008008593463351634	0.002345090940322721
9.55	0.	0.00007794769843342174	0.002300519198871223
9.6	0.	0.00007587943467669462	0.0022570646702061996
9.65	0.	0.00007387839684174635	0.0022146918520994795
9.7	0.	0.00007193867535456611	0.0021733298981626847
9.75	0.	0.00007005821345836965	0.0021329510136458957
9.8	0.	0.00006823764880448489	0.0020935575112964082
9.85	0.	0.000066474959898183	0.002055121990384881
9.9	0.	0.000064768125244735	0.0020176170501819673
9.95	0.	0.0000631151233494121	0.0019810152899583273
10.	0.	0.00006151393271748532	0.0019452893089846152
10.05	0.	0.00005996166082415561	0.001910401510227953
10.1	0.	0.00005845213827579633	0.001876275937532905
10.15	0.	0.000056988827065270305	0.0018429493800366243
10.2	0.	0.000055570277121353004	0.0018104011261100622
10.25	0.	0.00005419503837281967	0.0017786104641241648
10.3	0.	0.000052861660748445725	0.0017475566824498821
10.35	0.	0.00005156869417700656	0.0017172190694581643
10.4	0.	0.00005031468858727744	0.0016875769135199581
10.45	0.	0.00004909819390803382	0.001658609503006214
10.5	0.	0.000047913308204526963	0.0016302412495603014
10.55	0.	0.00004676173800816765	0.0016024903520053793
10.6	0.	0.00004564392378154135	0.0015753594027306612
10.65	0.	0.00004455885470028948	0.001548833104565665
10.7	0.	0.000043505519940053615	0.0015228961603399114
10.75	0.	0.000042482908676475147	0.001497533272882918
10.8	0.	0.00004149001008519562	0.001472729145024205
10.850000000000001	0.	0.000040525813341856514	0.0014484684795932914
10.9	0.	0.000039589307622099346	0.0014247359794196976
10.95	0.	0.000038678520994558454	0.0014015037993747527
11.	0.	0.000037788568382743	0.0013787060610796296
11.05	0.	0.00003692350076957236	0.0013563935529772217
11.100000000000001	0.	0.000036082635669145276	0.0013345552645968681
11.15	0.	0.00003526529059556053	0.0013131801854679075
11.2	0.	0.00003447078306291685	0.0012922573051196778
11.25	0.	0.000033698430585312965	0.0012717756130815165
11.3	0.	0.000032947550676847656	0.0012517240988827632
11.350000000000001	0.	0.000032217460851619676	0.0012320917520527558
11.4	0.	0.000031507478623727804	0.0012128675621208337
11.45	0.	0.00003081692150727077	0.0011940405186163347
11.5	0.	0.000030144268158805546	0.0011755879354603
11.55	0.	0.000029484920044897457	0.001157444296816383
11.600000000000001	0.	0.00002884308625851423	0.0011396666754771502
11.65	0.	0.000028218322176143023	0.0011222473716509737
11.7	0.	0.000027610183174270966	0.0011051786855462245
11.75	0.	0.000027018224629385176	0.0010884529173712735
11.8	0.	0.000026442001917972822	0.0010720623673344935
11.850000000000001	0.	0.000025881070416521052	0.0010559993356442554
11.9	0.	0.000025334985501517027	0.001040256122508932
11.95	0.	0.000024803302549447873	0.0010248250281368941
12.	0.	0.000024285576936800714	0.001009698352736513
12.05	0.	0.000023781364040062714	0.0009948683965161607
12.100000000000001	0.	0.00002329021923572102	0.0009803274596842091
12.15	0.	0.000022809552815015808	0.0009660357782707027
12.2	0.	0.00002233793228304454	0.0009519708860385083
12.25	0.	0.000021878163145429623	0.0009381736652839706
12.3	0.	0.000021429967130747314	0.0009246389028033759
12.350000000000001	0.	0.000020993065967573852	0.0009113613853930099
12.4	0.	0.00002056718138448549	0.0008983358998491588
12.45	0.	0.000020152035110058455	0.0008855572329681079
12.5	0.	0.00001974734887286897	0.0008730201715461425
12.55	0.	0.000019352844401493294	0.0008607195023795488
12.600000000000001	0.	0.000018968243424507658	0.0008486500122646126
12.65	0.	0.000018593267670488323	0.0008368064879976199
12.7	0.	0.00001822763886801151	0.0008251837163748562
12.75	0.	0.000017871078745653443	0.0008137764841926067
12.8	0.	0.000017523309031990385	0.0008025795782471575
12.850000000000001	0.	0.000017184051455598564	0.0007915877853347945
12.9	0.	0.000016850333653103487	0.0007807522834097911
12.95	0.	0.00001652239975786914	0.0007700763153524388
13.	0.	0.000016202220138455267	0.0007595910663402132
13.05	0.	0.000015889628331984282	0.0007492931329967239
13.100000000000001	0.	0.000015584457875578573	0.0007391791119455806
13.15	0.	0.000015286542306360546	0.000729245599810393
13.2	0.	0.00001499571516145259	0.00071948919321477
13.25	0.	0.000014711809977977087	0.0007099064887823209
13.3	0.	0.000014434660293056445	0.0007004940831366554
13.350000000000001	0.	0.000014164099643813058	0.0006912485729013829
13.4	0.	0.00001389996156736933	0.0006821665547001131
13.45	0.	0.000013642079600847648	0.0006732446251564552
13.5	0.	0.000013390287281370398	0.0006644793808940182
13.55	0.	0.000013144418146059986	0.000655867418536412
13.600000000000001	0.	0.000012904305732038807	0.0006474053347072458
13.65	0.	0.000012669783576429262	0.0006390897260301296
13.7	0.	0.000012440685216353741	0.0006309171891286723
13.75	0.	0.000012216401868064536	0.0006228764943882442
13.8	0.	0.000011993295036547238	0.0006149028057655536
13.850000000000001	0.	0.000011775114059983665	0.0006070620044105786
13.9	0.	0.000011561764321008031	0.0005993519581510023
13.95	0.	0.000011353151202254535	0.0005917705348145071
14.	0.	0.00001114918008635737	0.0005843156022287756
14.05	0.	0.000010949756355950752	0.0005769850282214911
14.100000000000001	0.	0.000010754785393668884	0.0005697766806203364
14.149999999999999	0.	0.000010564172582145985	0.0005626884272529947
14.2	0.	0.00001037782330401623	0.0005557181359471478
14.25	0.	0.000010195642941913842	0.0005488636745304792
14.3	0.	0.000010017536878473023	0.0005421229108306718
14.350000000000001	0.	9.843410496327978e-6	0.0005354937126754082
14.399999999999999	0.	9.673169178112924e-6	0.0005289739478923719
14.45	0.	9.506718306462042e-6	0.0005225614843092448
14.5	0.	9.343963264009547e-6	0.00051625418975371
14.55	0.	9.184809433389647e-6	0.0005100499320534505
14.600000000000001	0.	9.029162197236546e-6	0.0005039465790361492
14.649999999999999	0.	8.876926938184457e-6	0.0004979419985294892
14.7	0.	8.728009038867565e-6	0.0004920340583611526
14.75	0.	8.582313881920086e-6	0.0004862206263588227
14.8	0.	8.439746849976223e-6	0.00048049957035018224
14.850000000000001	0.	8.300213325670183e-6	0.00047486875816291405
14.899999999999999	0.	8.16361869163618e-6	0.00046932605762470145
14.95	0.	8.029868330508397e-6	0.00046386933656322645
15.	0.	7.89886762492105e-6	0.00045849646280617226
15.05	0.	7.770521957508346e-6	0.0004532053041812218
15.100000000000001	0.	7.644736710904487e-6	0.0004479937285160578
15.149999999999999	0.	7.521417267743688e-6	0.00044285960363836356
15.2	0.	7.400469010660134e-6	0.0004378007973758211
15.25	0.	7.281797322288041e-6	0.0004328151775561137
15.3	0.	7.1653075852616134e-6	0.00042790061200692414
15.350000000000001	0.	7.050905182215055e-6	0.0004230549685559353
15.399999999999999	0.	6.938495495782579e-6	0.0004182761150308303
15.45	0.	6.827983908598375e-6	0.00041356191925929147
15.5	0.	6.719275803296654e-6	0.00040891024906900176
15.55	0.	6.612276562511622e-6	0.00040431897228764414
15.600000000000001	0.	6.506891568877484e-6	0.0003997859567429014
15.650000000000002	0.	6.403026205028444e-6	0.0003953090702624565
15.7	0.	6.300585853598714e-6	0.00039088618067399243
15.75	0.	6.199475897222486e-6	0.00038651515580519143
15.8	0.	6.099601718533969e-6	0.00038219386348373673
15.850000000000001	0.	6.00086870016737e-6	0.00037792017153731117
15.900000000000002	0.	5.903182224756893e-6	0.0003736919477935975
15.95	0.	5.806447674936751e-6	0.0003695070600802789
16.	0.	5.710570433341132e-6	0.0003653633762250376
6.05	0.1	0.0008839986901260027	0.013042125647293177
6.1	0.1	0.0008165069645131147	0.012296920999741046
6.1499999999999995	0.1	0.0007660075678533635	0.011731396557244235
6.2	0.1	0.0007236694223798055	0.01125103334501169
6.25	0.1	0.0006864350154581362	0.010823286505611306
6.3	0.1	0.0006528551578819951	0.010432857653289994
6.35	0.1	0.0006221174594141948	0.010071263011827184
6.3999999999999995	0.1	0.0005937075573779948	0.009733197269310847
6.45	0.1	0.0005672749650545915	0.009415094405300849
6.5	0.1	0.0005425628491174707	0.009114375840723358
6.55	0.1	0.0005193750088909528	0.008829097253100984
6.6	0.1	0.0004975556984928497	0.008557733404441561
6.65	0.1	0.0004769774468928331	0.008299048737483746
6.7	0.1	0.00045753336998549746	0.008052016073907464
6.75	0.1	0.00043913210573349575	0.007815763348922276
6.8	0.1	0.0004216943354503236	0.007589537276149161
6.85	0.1	0.0004051502889463567	0.007372677530500999
6.9	0.1	0.00038943710761425054	0.007164590461216829
6.95	0.1	0.00037449959915663683	0.006964755429075283
7.	0.1	0.00036028806587292604	0.006772703214486438
7.05	0.1	0.0003467556971838995	0.006587991630434355
7.1	0.1	0.0003338615784418016	0.006410233104136943
7.15	0.1	0.0003215676948567806	0.006239066437392412
7.2	0.1	0.0003098377920385217	0.006074146685174498
7.25	0.1	0.00029864113970594515	0.005915178909404002
7.3	0.1	0.00028794553061335784	0.0057618548882896175
7.35	0.1	0.00027772549464229077	0.005613927102454191
7.4	0.1	0.00026795276923774296	0.0054711229112706546
7.45	0.1	0.0002586053216481861	0.005333225671952917
7.5	0.1	0.00024965919706349	0.005200001452978218
7.55	0.1	0.00024109390263722834	0.005071247467993702
7.6	0.1	0.0002328906390236688	0.004946776146063899
7.65	0.1	0.00022502846305730244	0.004826380595702549
7.7	0.1	0.0002174931124469286	0.004709914267115857
7.75	0.1	0.00021026638647229457	0.0045971949256140504
7.8	0.1	0.00020333303359071757	0.0044880671725371765
7.85	0.1	0.0001966806420919861	0.0043824014502698025
7.9	0.1	0.0001902931477691099	0.004280034754811633
7.95	0.1	0.00018415868600772607	0.004180842711800719
8.	0.1	0.00017826687994661845	0.0040847146318610346
8.05	0.1	0.00017260440239494704	0.003991512467498099
8.1	0.1	0.00016716007243684352	0.0039011181948859813
8.15	0.1	0.00016192616221882448	0.003813446005538152
8.2	0.1	0.00015689302801861414	0.0037283922168735817
8.25	0.1	0.00015204739289009068	0.00364581865258884
8.3	0.1	0.00014738466569423937	0.003565669599182637
8.35	0.1	0.0001428970393922618	0.003487858811493897
8.4	0.1	0.0001385760301276535	0.003412293500563285
8.45	0.1	0.00013441107000983012	0.0033388606751548104
8.5	0.1	0.00013039906005248047	0.003267519746337186
8.55	0.1	0.00012653362186609734	0.003198198335194845
8.6	0.1	0.0001228083770611735	0.0031308240628122198
8.65	0.1	0.00011921312699080394	0.0030652866075564517
8.7	0.1	0.00011574587842618545	0.0030015571438371906
8.75	0.1	0.00011240195799231842	0.002939580226907614
8.8	0.1	0.00010917628404998018	0.0028792963571491015
8.85	0.1	0.00010606286002549311	0.0028206366912628435
8.9	0.1	0.00010305411217949496	0.002763516279297053
8.95	0.1	0.0001001494901128851	0.0027079218964873677
9.	0.1	0.00009734500916462416	0.0026538052459994326
9.05	0.1	0.00009463668467367311	0.0026011180309988995
9.1	0.1	0.00009202053197899294	0.0025498119546514195
9.15	0.1	0.00008948809720196129	0.002499791612713171
9.2	0.1	0.00008704040606071299	0.0024510615198271943
9.25	0.1	0.0000846745441150093	0.0024035846597308557
9.3	0.1	0.00008238744177827037	0.002357322380854652
9.35	0.1	0.00008017602946391637	0.002312236031629081
9.4	0.1	0.00007803669091812287	0.0022682809892816173
9.45	0.1	0.00007596269585007606	0.002225378616660316
9.5	0.1	0.00007395583838591274	0.0021835433881445022
9.55	0.1	0.00007201380011248987	0.002142744857172634
9.6	0.1	0.00007013426261666438	0.002102952577183171
9.65	0.1	0.00006831490748529303	0.0020641361016145686
9.7	0.1	0.00006655341630523282	0.002026264983905287
9.75	0.1	0.00006484480107804203	0.001989278427520182
9.8	0.1	0.00006318734264075235	0.0019531527986513626
9.85	0.1	0.00006158155625063664	0.0019178898661612932
9.9	0.1	0.000060025728956822234	0.0018834660668661353
9.95	0.1	0.00005851814780843669	0.001849857837582055
10.	0.1	0.00005705709985460738	0.0018170416151252135
10.05	0.1	0.000055640872144461796	0.0017849938363117758
10.1	0.1	0.00005426711638041462	0.001753683384072318
10.15	0.1	0.000052930441268923904	0.0017230429619682006
10.2	0.1	0.00005163382869545216	0.001693104825561189
10.25	0.1	0.00005037604372696981	0.0016638510950085603
10.3	0.1	0.0000491558514304474	0.0016352638904675943
10.35	0.1	0.00004797201687285547	0.001607325332095571
10.4	0.1	0.000046823305121164434	0.0015800175400497677
10.45	0.1	0.000045708481242344874	0.0015533226344874654
10.5	0.1	0.000044626310303367205	0.001527222735565941
10.55	0.1	0.00004357196498469776	0.0015016550614814373
10.6	0.1	0.000042546561596282243	0.0014766311210498147
10.65	0.1	0.00004155059707423906	0.0014521546814089611
10.7	0.1	0.00004058320516225568	0.0014282124708805514
10.75	0.1	0.00003964351960401944	0.001404791217786257
10.8	0.1	0.000038730674143217754	0.0013818776504477515
10.850000000000001	0.1	0.00003784380252353803	0.0013594584971867076
10.9	0.1	0.000036982038488667697	0.0013375204863247995
10.95	0.1	0.000036144515782294125	0.0013160503461836987
11.	0.1	0.00003532967572156567	0.0012950256534118118
11.05	0.1	0.00003453316340222468	0.0012743870275173372
11.100000000000001	0.1	0.00003375848015974372	0.0012541789224732973
11.15	0.1	0.00003300503667982526	0.0012343917268926635
11.2	0.1	0.0000322722436481717	0.001215015829388406
11.25	0.1	0.00003155951175048547	0.0011960416185734953
11.3	0.1	0.00003086625167246903	0.0011774594830609028
11.350000000000001	0.1	0.00003019187409982484	0.0011592598114635994
11.4	0.1	0.00002953578971825535	0.0011414329923945567
11.45	0.1	0.000028897409213462992	0.001123969414466745
11.5	0.1	0.00002827614327115018	0.0011068594662931345
11.55	0.1	0.00002767067397105565	0.0010900832877581196
11.600000000000001	0.1	0.000027077156365763164	0.001073585473037291
11.65	0.1	0.000026499104493192258	0.0010574141293806113
11.7	0.1	0.0000259361309707092	0.0010415624858153719
11.75	0.1	0.000025387848415680256	0.0010260237713688644
11.8	0.1	0.00002485386944547174	0.0010107912150683815
11.850000000000001	0.1	0.00002433380667744994	0.0009958580459412157
11.9	0.1	0.000023827272728981167	0.0009812174930146596
11.95	0.1	0.000023333880217431686	0.0009668627853160045
12.	0.1	0.000022853241760167776	0.0009527871518725423
12.05	0.1	0.000022384969974555735	0.0009389838217115657
12.100000000000001	0.1	0.00002192867747796186	0.0009254460238603667
12.15	0.1	0.000021483976887752454	0.0009121669873462381
12.2	0.1	0.00002104837665116728	0.0008991082132126004
12.25	0.1	0.000020621237896191778	0.0008862591383736845
12.3	0.1	0.000020204640580741922	0.0008736501959498258
12.350000000000001	0.1	0.000019798339693937302	0.0008612767617380266
12.4	0.1	0.00001940209022489751	0.0008491342115352894
12.45	0.1	0.000019015647162742124	0.0008372179211386158
12.5	0.1	0.00001863876549659071	0.0008255232663450078
12.55	0.1	0.00001827120021556287	0.0008140456229514678
12.600000000000001	0.1	0.000017912706308778185	0.0008027803667549981
12.65	0.1	0.000017563038765356255	0.0007917228735526012
12.7	0.1	0.000017221952574416654	0.0007808685191412788
12.75	0.1	0.000016889202725078952	0.0007702126793180328
12.8	0.1	0.000016564544206462747	0.0007597507298798655
12.850000000000001	0.1	0.000016247732007687625	0.0007494780466237794
12.9	0.1	0.000015938521117873177	0.0007393900053467769
12.95	0.1	0.00001563367127680553	0.0007294331739403744
13.	0.1	0.00001533479970068237	0.0007196332733892701
13.05	0.1	0.000015042879482076664	0.0007100055286153991
13.100000000000001	0.1	0.000014757762246129572	0.0007005468901099813
13.15	0.1	0.000014479299617982254	0.0006912543083642377
13.2	0.1	0.000014207343222775863	0.0006821247338693881
13.25	0.1	0.00001394174468565154	0.0006731551171166526
13.3	0.1	0.000013682355631750454	0.0006643424085972517
13.350000000000001	0.1	0.000013429027686213758	0.0006556835588024058
13.4	0.1	0.000013181612474182619	0.0006471755182233356
13.45	0.1	0.000012939961620798184	0.000638815237351261
13.5	0.1	0.0000127039267512016	0.000630599666677402
13.55	0.1	0.000012473359490534031	0.0006225257566929793
13.600000000000001	0.1	0.000012248111463936637	0.0006145904578892132
13.65	0.1	0.000012028034296550577	0.0006067907207573242
13.7	0.1	0.000011812979613517002	0.0005991234957885324
13.75	0.1	0.000011602799039977057	0.0005915857334740579
13.8	0.1	0.000011395699888990691	0.0005841451642086715
13.850000000000001	0.1	0.000011191092194281433	0.0005767908912239632
13.9	0.1	0.000010990938106534277	0.0005695573699110171
13.95	0.1	0.000010795152079028569	0.0005624426672426987
14.	0.1	0.00001060364856504365	0.0005554448501918733
14.05	0.1	0.000010416342017858882	0.0005485619857314066
14.100000000000001	0.1	0.000010233146890753613	0.0005417921408341644
14.149999999999999	0.1	0.000010053977637007207	0.0005351333824730127
14.2	0.1	9.878748709898991e-6	0.0005285837776208162
14.25	0.1	9.707374562708327e-6	0.0005221413932504408
14.3	0.1	9.539769648714567e-6	0.0005158042963347524
14.350000000000001	0.1	9.37584842119706e-6	0.0005095705538466165
14.399999999999999	0.1	9.21552533343517e-6	0.000503438232758899
14.45	0.1	9.058714838708226e-6	0.0004974054000444648
14.5	0.1	8.905331390295588e-6	0.0004914701226761799
14.55	0.1	8.755289441476608e-6	0.0004856304676269098
14.600000000000001	0.1	8.608503445530639e-6	0.00047988450186952025
14.649999999999999	0.1	8.46488785573704e-6	0.00047423029237687723
14.7	0.1	8.324357125375139e-6	0.0004686659061218455
14.75	0.1	8.186825707724302e-6	0.0004631894100772911
14.8	0.1	8.052208056063877e-6	0.0004577988712160797
14.850000000000001	0.1	7.920418623673216e-6	0.0004524923565110767
14.899999999999999	0.1	7.79137186383168e-6	0.0004472679329351483
14.95	0.1	7.664982229818598e-6	0.00044212366746115925
15.	0.1	7.541164174913333e-6	0.0004370576270619755
15.05	0.1	7.419832152395236e-6	0.0004320678787104628
15.100000000000001	0.1	7.300900615543657e-6	0.0004271524893794866
15.149999999999999	0.1	7.1842840176379555e-6	0.000422309526041913
15.2	0.1	7.069896811957466e-6	0.0004175370556706068
15.25	0.1	6.957653451781547e-6	0.000412833145238434
15.3	0.1	6.847468390389551e-6	0.0004081958617182602
15.350000000000001	0.1	6.739256081060828e-6	0.000403623272082951
15.399999999999999	0.1	6.632930977074736e-6	0.0003991134433053723
15.45	0.1	6.528407531710611e-6	0.00039466444235838915
15.5	0.1	6.425600198247812e-6	0.0003902743362148674
15.55	0.1	6.32442342996569e-6	0.0003859411918476727
15.600000000000001	0.1	6.224791680143595e-6	0.0003816630762296706
15.650000000000002	0.1	6.126619402060879e-6	0.0003774380563337268
15.7	0.1	6.029821048996899e-6	0.0003732641991327071
15.75	0.1	5.934311074230993e-6	0.0003691395715994766
15.8	0.1	5.840003931042517e-6	0.0003650622407069012
15.850000000000001	0.1	5.746814072710824e-6	0.0003610302734278464
15.900000000000002	0.1	5.654655952515264e-6	0.00035704173673517796
15.95	0.1	5.563444023735195e-6	0.00035309469760176165
16.	0.1	5.473092739649954e-6	0.0003491872230004626
6.05	0.2	0.0009631061579245886	0.013486378018072454
6.1	0.2	0.0008656558107206291	0.01243568177934357
6.1499999999999995	0.2	0.0007980760358967185	0.011697224190691798
6.2	0.2	0.0007444711154331873	0.011104065759672538
6.25	0.2	0.0006992912204041175	0.01059804099575625
6.3	0.2	0.0006598900822567185	0.010151505721188597
6.35	0.2	0.0006247971519992487	0.009749165931583472
6.3999999999999995	0.2	0.0005930783011447592	0.009381355388291797
6.45	0.2	0.000564113718122365	0.009041699408694618
6.5	0.2	0.0005374583420515302	0.00872564849340111
6.55	0.2	0.0005127808268335898	0.008429837178960753
6.6	0.2	0.0004898260267555965	0.008151690382068156
6.65	0.2	0.00046839176957684016	0.007889180008969297
6.7	0.2	0.00044831403012424913	0.007640669863375143
6.75	0.2	0.00042945708177562214	0.0074048128500005
6.8	0.2	0.0004117066996209444	0.007180480232000184
6.85	0.2	0.0003949641930896284	0.0069667002299443805
6.9	0.2	0.0003791460391497106	0.00676265329311931
6.95	0.2	0.0003641794103854172	0.006567626225521766
7.	0.2	0.00034999856860573635	0.006380976063616061
7.05	0.2	0.00033654568746414767	0.00620213798744916
7.1	0.2	0.00032377114277554436	0.006030627162853402
7.15	0.2	0.0003116260937524449	0.005865966516023812
7.2	0.2	0.0003000713906586688	0.00570777284390906
7.25	0.2	0.00028906726020716615	0.005555656762769194
7.3	0.2	0.0002785805924848562	0.005409292986087565
7.35	0.2	0.0002685785057045953	0.0052683582532006695
7.4	0.2	0.0002590335262998572	0.0051325809325981344
7.45	0.2	0.0002499169333925486	0.005001677455807937
7.5	0.2	0.00024120706780692084	0.004875431214496202
7.55	0.2	0.00023287703933312051	0.004753576105229514
7.6	0.2	0.00022490972664009588	0.004635938305799663
7.65	0.2	0.00021728320106814897	0.004522298607179102
7.7	0.2	0.00020997946153922562	0.004412474851241101
7.75	0.2	0.00020298346021737387	0.004306312739312948
7.8	0.2	0.00019627555507550977	0.004203614594280666
7.85	0.2	0.00018984386710893796	0.004104256072329189
7.9	0.2	0.00018367511256417253	0.004008099559700667
7.95	0.2	0.00017775217379181039	0.003914971085786546
8.	0.2	0.00017206643321501886	0.003824777332323284
8.05	0.2	0.0001666067830352006	0.0037374013527520207
8.1	0.2	0.00016135909479394862	0.003652697333773073
8.15	0.2	0.00015631508738061828	0.003570575375573907
8.2	0.2	0.00015146652487566512	0.0034909460104681667
8.25	0.2	0.00014680327692988705	0.0034137015620476674
8.3	0.2	0.00014231417097668707	0.003338724275039203
8.35	0.2	0.00013799465451171735	0.003265960414127585
8.4	0.2	0.0001338372307778666	0.00319532777131395
8.45	0.2	0.00012983298680213035	0.0031267302361592023
8.5	0.2	0.00012597355127308033	0.003060077015505122
8.55	0.2	0.00012225552525889043	0.0029953261281088113
8.6	0.2	0.00011867290828399178	0.0029324100543849626
8.65	0.2	0.00011521942102692561	0.0028712584852836013
8.7	0.2	0.00011188551712596517	0.0028117684295682396
8.75	0.2	0.00010867016672521423	0.0027539220917787463
8.8	0.2	0.00010556862662725389	0.0026976645296461705
8.85	0.2	0.00010257615363466512	0.0026429408009015602
8.9	0.2	0.00009968657889087426	0.0025896813707608508
8.95	0.2	0.00009689389946647364	0.002537818402808534
9.	0.2	0.0000941972604014635	0.002487336753322953
9.05	0.2	0.00009159296537151103	0.002438192195437418
9.1	0.2	0.00008907731805228339	0.0023903405022852385
9.15	0.2	0.00008664637590801062	0.00234373485742751
9.2	0.2	0.00008429254937322166	0.0022982900861472726
9.25	0.2	0.00008201701460737515	0.002254013208785406
9.3	0.2	0.00007981693722849923	0.0022108690641060107
9.35	0.2	0.00007768948285462206	0.002168822490873188
9.4	0.2	0.00007563181710377151	0.002127838327851033
9.45	0.2	0.00007364033367706396	0.0020878730338258727
9.5	0.2	0.00007170928473297075	0.002048859818864516
9.55	0.2	0.00006984017388569975	0.0020108106152861085
9.6	0.2	0.0000680308669343347	0.001973697863063631
9.65	0.2	0.00006627922967795914	0.00193749400217006
9.7	0.2	0.00006458312791565688	0.0019021714725783777
9.75	0.2	0.00006294042744651146	0.0018677027142615607
9.8	0.2	0.00006134637258491783	0.0018340306524057771
9.85	0.2	0.00005979967370268168	0.0018011372358642014
9.9	0.2	0.0000583006974741896	0.0017690230614789808
9.95	0.2	0.000056847869524971556	0.0017376668722002921
10.	0.2	0.00005543961548055734	0.001707047410978308
10.05	0.2	0.00005407436096647686	0.0016771434207632045
10.1	0.2	0.00005275053160826005	0.0016479336445051572
10.15	0.2	0.000051465917339746966	0.0016193893645771677
10.2	0.2	0.00005021565182605939	0.0015914506889667908
10.25	0.2	0.0000490024450632904	0.0015641466426677374
10.3	0.2	0.00004782516210808709	0.001537461125862556
10.35	0.2	0.000046682668017096545	0.0015113780387337949
10.4	0.2	0.00004557382784696573	0.0014858812814639993
10.45	0.2	0.000044497506654341756	0.0014609547542357188
10.5	0.2	0.00004345256949587159	0.0014365823572314988
10.55	0.2	0.000042437881428202325	0.0014127479906338874
10.6	0.2	0.000041449005279725715	0.0013893949331092578
10.65	0.2	0.000040486985283891596	0.0013665338914261645
10.7	0.2	0.00003955226163095691	0.0013441681418703397
10.75	0.2	0.000038644037058886766	0.001322285738524685
10.8	0.2	0.00003776151430564635	0.0013008747354721056
10.850000000000001	0.2	0.00003690389610920084	0.001279923186795505
10.9	0.2	0.00003607038520751544	0.0012594191465777871
10.95	0.2	0.00003526018433855527	0.0012393506689018553
11.	0.2	0.00003447249624028549	0.0012197058078506123
11.05	0.2	0.000033705848787665516	0.001200463863883333
11.100000000000001	0.2	0.000032956354574367494	0.0011815728089331048
11.15	0.2	0.00003222715626473489	0.0011630718017253288
11.2	0.2	0.00003151770985574156	0.0011449521813563467
11.25	0.2	0.00003082747134436138	0.0011272052869225001
11.3	0.2	0.000030155896727568253	0.001109822457520132
11.350000000000001	0.2	0.000029502442002336082	0.0010927950322455846
11.4	0.2	0.00002886656316563878	0.0010761143501952012
11.45	0.2	0.000028247716214450214	0.001059771750465323
11.5	0.2	0.00002764535714574425	0.0010437585721522922
11.55	0.2	0.000027058941956494807	0.0010280661543524516
11.600000000000001	0.2	0.00002648709775316953	0.0010126744246837785
11.65	0.2	0.00002592666036797784	0.0009975386499830137
11.7	0.2	0.000025380652962229358	0.000982699279112307
11.75	0.2	0.000024848716280435487	0.0009681501946191694
11.8	0.2	0.000024330491067107655	0.0009538852790511134
11.850000000000001	0.2	0.00002382561806675728	0.0009398984149556506
11.9	0.2	0.00002333373802389579	0.0009261834848802932
11.95	0.2	0.00002285449168303458	0.0009127343713725525
12.	0.2	0.000022387519788685046	0.0008995449569799398
12.05	0.2	0.000021932463085358623	0.0008866091242499672
12.100000000000001	0.2	0.000021488962317566723	0.0008739207557301466
12.15	0.2	0.00002105665822982077	0.00086147373396799
12.2	0.2	0.000020635191566632167	0.0008492619415110087
12.25	0.2	0.000020221893717832157	0.0008372452710040423
12.3	0.2	0.00001981698780371076	0.000825426176608224
12.350000000000001	0.2	0.000019421958842577696	0.0008138256855480803
12.4	0.2	0.000019036578160617328	0.0008024396023185797
12.45	0.2	0.000018660617084013988	0.0007912637314146903
12.5	0.2	0.00001829384693895201	0.0007802938773313797
12.55	0.2	0.000017936039051615764	0.0007695258445636169
12.600000000000001	0.2	0.000017586964748189594	0.00075895543760637
12.65	0.2	0.00001724639535485786	0.0007485784609546079
12.7	0.2	0.000016914102197804904	0.0007383907191032983
12.75	0.2	0.000016589856603215057	0.0007283880165474091
12.8	0.2	0.000016273429897272686	0.0007185661577819092
12.850000000000001	0.2	0.000015964593406162138	0.0007089209473017668
12.9	0.2	0.00001566311845606777	0.0006994481896019504
12.95	0.2	0.00001536877637317392	0.0006901436891774281
13.	0.2	0.00001507786321419025	0.0006809481258494059
13.05	0.2	0.000014793370865400375	0.0006719083885902132
13.100000000000001	0.2	0.00001451542366192797	0.0006630258813174697
13.15	0.2	0.00001424388197121828	0.0006542978208973263
13.2	0.2	0.000013978606160716528	0.0006457214241959338
13.25	0.2	0.000013719456597867942	0.0006372939080794426
13.3	0.2	0.000013466293650117761	0.0006290124894140039
13.350000000000001	0.2	0.000013218977684911224	0.0006208743850657684
13.4	0.2	0.00001297736906969357	0.0006128768119008875
13.45	0.2	0.000012741328171910027	0.0006050169867855116
13.5	0.2	0.000012510715359005817	0.0005972921265857912
13.55	0.2	0.000012285390998426187	0.0005896994481678777
13.600000000000001	0.2	0.000012065215457616369	0.0005822361683979216
13.65	0.2	0.000011850049104021603	0.0005748995041420743
13.7	0.2	0.000011639752305087117	0.0005676866722664862
13.75	0.2	0.000011434185428258137	0.000560594889637308
13.8	0.2	0.000011233208840979907	0.0005536213731206908
13.850000000000001	0.2	0.000011033945267307651	0.000546716120931626
13.9	0.2	0.000010838348611370396	0.0005399124590871943
13.95	0.2	0.000010646969358997849	0.0005332195075594709
14.	0.2	0.000010459726162735065	0.0005266354885112814
14.05	0.2	0.00001027653767512712	0.0005201586241054515
14.100000000000001	0.2	0.000010097322548719083	0.0005137871365048071
14.149999999999999	0.2	9.92199943605603e-6	0.0005075192478721741
14.2	0.2	9.750486989683005e-6	0.0005013531803703773
14.25	0.2	9.58270386214509e-6	0.000495287156162243
14.3	0.2	9.418568705987346e-6	0.0004893193974105967
14.350000000000001	0.2	9.258000173754845e-6	0.00048344812627826414
14.399999999999999	0.2	9.100916917992663e-6	0.0004776715649280714
14.45	0.2	8.947237591245846e-6	0.0004719879355228432
14.5	0.2	8.796880846059472e-6	0.0004663954602254058
14.55	0.2	8.649765334978607e-6	0.00046089236119858473
14.600000000000001	0.2	8.505809710548318e-6	0.0004554768606052057
14.649999999999999	0.2	8.364932625313684e-6	0.0004501471806080948
14.7	0.2	8.227052731819751e-6	0.0004449015433700769
14.75	0.2	8.092088682611594e-6	0.000439738171053978
14.8	0.2	7.959959130234283e-6	0.00043465528582262386
14.850000000000001	0.2	7.830582727232885e-6	0.0004296511098388401
14.899999999999999	0.2	7.703878126152473e-6	0.00042472386526545266
14.95	0.2	7.579763979538099e-6	0.00041987177426528664
15.	0.2	7.4581589399348375e-6	0.000415093059001168
15.05	0.2	7.338981659887757e-6	0.00041038594163592243
15.100000000000001	0.2	7.222150791941923e-6	0.00040574864433237553
15.149999999999999	0.2	7.1075849886424115e-6	0.00040117938925335333
15.2	0.2	6.995202902534272e-6	0.00039667639856168083
15.25	0.2	6.884923186162582e-6	0.0003922378944201841
15.3	0.2	6.776664492072407e-6	0.0003878620989916887
15.350000000000001	0.2	6.670345472808815e-6	0.00038354723443902037
15.399999999999999	0.2	6.565884780916879e-6	0.0003792915229250051
15.45	0.2	6.463201068941652e-6	0.00037509318661246784
15.5	0.2	6.3622129894282084e-6	0.0003709504476642346
15.55	0.2	6.262839194921616e-6	0.0003668615282431311
15.600000000000001	0.2	6.16499833796694e-6	0.000362824650511983
15.650000000000002	0.2	6.0686090711092505e-6	0.00035883803663361595
15.7	0.2	5.973590046893618e-6	0.00035489990877085587
15.75	0.2	5.879859917865097e-6	0.0003510084890865279
15.8	0.2	5.787337336568763e-6	0.0003471619997434579
15.850000000000001	0.2	5.695940955549682e-6	0.0003433586629044717
15.900000000000002	0.2	5.60558942735292e-6	0.00033959670073239486
15.95	0.2	5.516201404523551e-6	0.0003358743353900533
16.	0.2	5.42769553960663e-6	0.0003321897890402722
6.05	0.3	0.001075134552375085	0.014084611029860465
6.1	0.3	0.0009473205406111038	0.012752364304559987
6.1499999999999995	0.3	0.0008619086847989174	0.011851741328026289
6.2	0.3	0.0007960507179035524	0.011149589123038758
6.25	0.3	0.0007418002357484523	0.010564913038536534
6.3	0.3	0.0006953946323156591	0.010059430027311312
6.35	0.3	0.0006547346375380911	0.009611833032357586
6.3999999999999995	0.3	0.0006185069219716905	0.009208831299354361
6.45	0.3	0.0005858294061729022	0.008841528367916657
6.5	0.3	0.0005560840846308767	0.008503714780339235
6.55	0.3	0.0005288113110637878	0.008190789414510518
6.6	0.3	0.0005036603489191176	0.007899254938830006
6.65	0.3	0.00048035611912924004	0.007626378832393632
6.7	0.3	0.0004586778839006044	0.00736997629704745
6.75	0.3	0.00043844504095580893	0.007128265768325976
6.8	0.3	0.00041950570842019	0.006899753371930615
6.85	0.3	0.0004017346827373765	0.0066832113975583245
6.9	0.3	0.0003850243624849561	0.006477586873741911
6.95	0.3	0.000369281054289122	0.006281964475441299
7.	0.3	0.00035442157520488736	0.006095532773692017
7.05	0.3	0.00034037763003320854	0.005917626436760378
7.1	0.3	0.00032708445842242616	0.005747614579824737
7.15	0.3	0.00031448612504482584	0.005584952583762744
7.2	0.3	0.00030253400111949623	0.005429166533991832
7.25	0.3	0.0002911803238070504	0.005279791106144574
7.3	0.3	0.0002803878622381359	0.005136462437161174
7.35	0.3	0.0002701159603696227	0.004998783815243273
7.4	0.3	0.00026033476917091894	0.004866462127341369
7.45	0.3	0.00025101043860842066	0.004739166026268505
7.5	0.3	0.00024211723336514874	0.004616641595973166
7.55	0.3	0.00023362845132084557	0.004498625756091882
7.6	0.3	0.00022551954393130335	0.00438487587261436
7.65	0.3	0.00021777143420184303	0.004275201355292035
7.7	0.3	0.00021035910429102538	0.0041693551765546455
7.75	0.3	0.00020326799490139516	0.004067189587616606
7.8	0.3	0.00019647984261673097	0.003968521678893496
7.85	0.3	0.00018997559080204042	0.0038731610116167874
7.9	0.3	0.00018374391784665634	0.003780990565253325
7.95	0.3	0.0001777693742033079	0.003691854114535816
8.	0.3	0.00017203633038473243	0.0036055937225039753
8.05	0.3	0.00016653606634743515	0.0035221171788118733
8.1	0.3	0.0001612568501097547	0.0034413036172108794
8.15	0.3	0.00015618321688939328	0.003362996489506631
8.2	0.3	0.00015130952609605433	0.0032871331572309954
8.25	0.3	0.00014662638844941558	0.0032136151480829894
8.3	0.3	0.0001421223905521353	0.0031423244878495283
8.35	0.3	0.0001377885945721786	0.003073167053832317
8.4	0.3	0.00013361971262587595	0.003006083889764404
8.45	0.3	0.00012960822850526535	0.002940994569975605
8.5	0.3	0.00012574419225818494	0.002877794955142843
8.55	0.3	0.00012202129310879188	0.002816416364954733
8.6	0.3	0.00011843546162021428	0.0027568119580155654
8.65	0.3	0.00011498073930230748	0.0026989164865771453
8.7	0.3	0.00011165007981424406	0.002642653944074536
8.75	0.3	0.00010843554281691407	0.0025879394823215686
8.8	0.3	0.00010533564564964235	0.0025347521194144405
8.85	0.3	0.00010234571792823368	0.0024830393469414125
8.9	0.3	0.00009946108926849252	0.0024327486564907396
8.95	0.3	0.00009667498663213572	0.00238380634864295
9.	0.3	0.00009398284374131086	0.0023361609641927923
9.05	0.3	0.00009138335686154142	0.002289793924560651
9.1	0.3	0.00008887291272611245	0.0022446633751959377
9.15	0.3	0.00008644789806830875	0.002200727461548056
9.2	0.3	0.0000841039500420176	0.0021579365980778026
9.25	0.3	0.00008183457128793412	0.0021162191843703817
9.3	0.3	0.00007964060950341993	0.002075579375227366
9.35	0.3	0.00007751931067441424	0.0020359841782313895
9.4	0.3	0.00007546792078685596	0.001997400600965084
9.45	0.3	0.00007348368582668432	0.0019597956510110856
9.5	0.3	0.00007156271590484252	0.0019231242923374466
9.55	0.3	0.00006970012266760664	0.0018873309022511297
9.6	0.3	0.0000678971230030247	0.0018524245915721058
9.65	0.3	0.00006615165313512741	0.0018183796864361705
9.7	0.3	0.00006446164928794575	0.001785170512979124
9.75	0.3	0.00006282504768551042	0.0017527713973367622
9.8	0.3	0.0000612397845518523	0.0017211566656448844
9.85	0.3	0.00005970096682900398	0.0016902696536481479
9.9	0.3	0.000058207893945004406	0.001660099619265552
9.95	0.3	0.000056760707485256345	0.001630645044942365
10.	0.3	0.00005535789035975829	0.0016018862449102963
10.05	0.3	0.000053997925478508904	0.001573803533401059
10.1	0.3	0.00005267929575150683	0.0015463772246463658
10.15	0.3	0.00005140048408875059	0.001519587632877927
10.2	0.3	0.00005015917963697517	0.0014934060433855686
10.25	0.3	0.00004895102362410357	0.0014677804466799438
10.3	0.3	0.00004777849836862896	0.0014427366496837615
10.35	0.3	0.00004664051260793438	0.0014182598103534112
10.4	0.3	0.000045535975079402736	0.001394335086645279
10.45	0.3	0.00004446379452041712	0.0013709476365157554
10.5	0.3	0.00004342287966836044	0.0013480826179212268
10.55	0.3	0.00004241213926061573	0.0013257251888180825
10.6	0.3	0.00004143048203456602	0.0013038605071627114
10.65	0.3	0.00004047349286390802	0.0012824342460691829
10.7	0.3	0.000039542477049950156	0.0012614600327566575
10.75	0.3	0.000038637718475635766	0.0012409393608110006
10.8	0.3	0.0000377584511761852	0.0012208612524667504
10.850000000000001	0.3	0.00003690390918681877	0.0012012147299584439
10.9	0.3	0.00003607332654275682	0.0011819888155206193
10.95	0.3	0.00003526593727921965	0.001163172531387813
11.	0.3	0.00003448097543142755	0.0011447548997945616
11.05	0.3	0.00003371767503460085	0.0011267249429754032
11.100000000000001	0.3	0.000032974448369282166	0.0011090614261903644
11.15	0.3	0.000032247932291614254	0.0010917209542137354
11.2	0.3	0.00003154095941862176	0.0010747374660451683
11.25	0.3	0.00003085300675781723	0.0010581030166498628
11.3	0.3	0.00003018355131671328	0.0010418096609930193
11.350000000000001	0.3	0.00002953207010282248	0.0010258494540398384
11.4	0.3	0.000028898040123657435	0.0010102144507555205
11.45	0.3	0.0000282809383867307	0.0009948967061052655
11.5	0.3	0.000027680241899554833	0.000979888275054273
11.55	0.3	0.000027095427669642434	0.0009651812125677433
11.600000000000001	0.3	0.000026525972704506084	0.000950767573610877
11.65	0.3	0.000025970275367988134	0.0009366251725567126
11.7	0.3	0.000025425909039851465	0.0009227209320796298
11.75	0.3	0.00002489546048746373	0.0009090879631701312
11.8	0.3	0.000024378583563712994	0.0008957206555615502
11.850000000000001	0.3	0.000023874932121487315	0.0008826133989872198
11.9	0.3	0.000023384160013674767	0.0008697605831804733
11.95	0.3	0.00002290592109316338	0.0008571565978746434
12.	0.3	0.000022439869212841196	0.0008447958328030625
12.05	0.3	0.00002198565822559629	0.000832672677699064
12.100000000000001	0.3	0.000021542941984316705	0.0008207815222959806
12.15	0.3	0.00002111137434189052	0.000809116756327146
12.2	0.3	0.000020690609151205765	0.0007976727695258926
12.25	0.3	0.000020280300265150487	0.0007864439516255528
12.3	0.3	0.00001987741352923818	0.0007753868821413829
12.350000000000001	0.3	0.000019483171014316223	0.0007645180097726232
12.4	0.3	0.000019098476786672507	0.0007538493100828164
12.45	0.3	0.000018723109654438938	0.0007433769304585905
12.5	0.3	0.00001835684842574741	0.0007330970182865735
12.55	0.3	0.00001799947190872985	0.0007230057209533942
12.600000000000001	0.3	0.000017650758911518178	0.0007130991858456811
12.65	0.3	0.000017310488242244305	0.0007033735603500628
12.7	0.3	0.000016978438709040144	0.0006938249918531675
12.75	0.3	0.000016654389120037587	0.0006844496277416234
12.8	0.3	0.000016338118283368565	0.000675243615402059
12.850000000000001	0.3	0.000016029405007164987	0.0006662031022211029
12.9	0.3	0.00001572802809955878	0.0006573242355853837
12.95	0.3	0.000015433766368681842	0.0006486031628815296
13.	0.3	0.000015145828490371027	0.0006400274184660878
13.05	0.3	0.000014861602902909968	0.000631557038234394
13.100000000000001	0.3	0.000014583859377928128	0.000623233354276346
13.15	0.3	0.000014312462072127473	0.0006150538033456326
13.2	0.3	0.000014047275142209952	0.000607015822195942
13.25	0.3	0.000013788162744877517	0.0005991168475809626
13.3	0.3	0.000013534989036832132	0.0005913543162543831
13.350000000000001	0.3	0.000013287618174775759	0.0005837256649698924
13.4	0.3	0.000013045914315410363	0.0005762283304811792
13.45	0.3	0.000012809741615437894	0.0005688597495419319
13.5	0.3	0.000012578964231560304	0.0005616173589058389
13.55	0.3	0.00001235344632047956	0.0005544985953265889
13.600000000000001	0.3	0.000012133052038897616	0.0005475008955578705
13.65	0.3	0.000011917645543516443	0.0005406216963533727
13.7	0.3	0.000011707090991037992	0.0005338584344667837
13.75	0.3	0.000011501252538164212	0.000527208546651792
13.8	0.3	0.00001129999434159707	0.0005206694696620864
13.850000000000001	0.3	0.000011102530666137597	0.0005142280021343383
13.9	0.3	0.000010906841966236157	0.0005078507463943116
13.95	0.3	0.000010715337827743759	0.0005015768054683593
14.	0.3	0.000010527938490057192	0.0004954045341309509
14.05	0.3	0.000010344564192573253	0.0004893322871565558
14.100000000000001	0.3	0.000010165135174688739	0.00048335841931964344
14.149999999999999	0.3	9.989571675800452e-6	0.00047748128539468345
14.2	0.3	9.817793935305161e-6	0.00047169924015614444
14.25	0.3	9.649722192599675e-6	0.0004660106383784962
14.3	0.3	9.485276687080784e-6	0.00046041383483620804
14.350000000000001	0.3	9.324377658145281e-6	0.00045490718430374935
14.399999999999999	0.3	9.166945345189973e-6	0.0004494890415555898
14.45	0.3	9.012899987611628e-6	0.0004441577613661981
14.5	0.3	8.862161824807053e-6	0.0004389116985100438
14.55	0.3	8.714651096173038e-6	0.00043374920776159643
14.600000000000001	0.3	8.57028804110638e-6	0.00042866864389532524
14.649999999999999	0.3	8.42899289900388e-6	0.0004236683616857
14.7	0.3	8.29068590926231e-6	0.00041874671590718933
14.75	0.3	8.155287311278475e-6	0.0004139020613342629
14.8	0.3	8.022717344449169e-6	0.0004091327527413901
14.850000000000001	0.3	7.892896248171183e-6	0.00040443714490304025
14.899999999999999	0.3	7.76574426184132e-6	0.00039981359259368306
14.95	0.3	7.641181624856356e-6	0.0003952604505877873
15.	0.3	7.5191285766130935e-6	0.0003907760736598225
15.05	0.3	7.3995053565083235e-6	0.0003863588165842581
15.100000000000001	0.3	7.282232203938841e-6	0.0003820070341355635
15.149999999999999	0.3	7.167229358301447e-6	0.0003777190810882082
15.2	0.3	7.054417058992918e-6	0.0003734933122166611
15.25	0.3	6.943715545410056e-6	0.0003693280822953918
15.3	0.3	6.835045056949653e-6	0.00036522174609886964
15.350000000000001	0.3	6.728325833008505e-6	0.00036117265840156395
15.399999999999999	0.3	6.623478112983409e-6	0.00035717917397794447
15.45	0.3	6.5204221362711455e-6	0.00035323964760247987
15.5	0.3	6.419078142268515e-6	0.00034935243404963986
15.55	0.3	6.3193663703723106e-6	0.00034551588809389374
15.600000000000001	0.3	6.221207059979324e-6	0.0003417283645097109
15.650000000000002	0.3	6.124520450486351e-6	0.0003379882180715607
15.7	0.3	6.0292267812901895e-6	0.00033429380355391275
15.75	0.3	5.935246291787621e-6	0.00033064347573123586
15.8	0.3	5.842499221375443e-6	0.0003270355893779996
15.850000000000001	0.3	5.750905809450451e-6	0.00032346849926867343
15.900000000000002	0.3	5.660386295409437e-6	0.00031994056017772664
15.95	0.3	5.570860918649201e-6	0.0003164501268796288
16.	0.3	5.482249918566523e-6	0.0003129955541488488
6.05	0.4	0.0011931740859020394	0.014589942133945533
6.1	0.4	0.001035415234761211	0.013004388538586951
6.1499999999999995	0.4	0.0009323504448169954	0.01196026937128388
6.2	0.4	0.0008543263921988164	0.011162312811585034
6.25	0.4	0.0007909977739965756	0.010508555441218663
6.3	0.4	0.0007375204677832135	0.00995130829660897
6.35	0.4	0.0006911695820149614	0.009463787898539683
6.3999999999999995	0.4	0.000650271402503295	0.009029576395945135
6.45	0.4	0.0006137000565849111	0.008637654499668516
6.5	0.4	0.0005806631696475902	0.008280286396969828
6.55	0.4	0.0005505830401160103	0.007951847225612643
6.6	0.4	0.000523018218205447	0.007648049875519504
6.65	0.4	0.0004976243365693924	0.007365558831547235
6.7	0.4	0.00047412598109192677	0.007101713150229307
6.75	0.4	0.0004522990749317395	0.006854353078929633
6.8	0.4	0.000431960220572267	0.006621714983615906
6.85	0.4	0.0004129549806645244	0.006402316460761454
6.9	0.4	0.00039515223263317283	0.0061949009570234454
6.95	0.4	0.00037843620615225044	0.005998360465953242
7.	0.4	0.00036271317871005063	0.005811799431861483
7.05	0.4	0.0003478982701555331	0.005634407016277453
7.1	0.4	0.00033391348361042615	0.005465438618843088
7.15	0.4	0.00032069752163245836	0.005304309153879897
7.2	0.4	0.0003081879480995557	0.005150422619330791
7.25	0.4	0.0002963353982090916	0.0050033074428642195
7.3	0.4	0.000285090704594249	0.004862493772282862
7.35	0.4	0.00027441333177675466	0.004727593604653477
7.4	0.4	0.000264262939063108	0.004598220654951866
7.45	0.4	0.00025460734487207633	0.004474065659466909
7.5	0.4	0.00024541108018024283	0.00435478834483413
7.55	0.4	0.00023664979763998002	0.004240153004439075
7.6	0.4	0.00022829164439490174	0.004129853468039073
7.65	0.4	0.00022031642752769458	0.004023692891978879
7.7	0.4	0.0002127003142083032	0.0039214403309135925
7.75	0.4	0.00020542060993974194	0.0038228754858763295
7.8	0.4	0.000198461815315243	0.0037278454085285834
7.85	0.4	0.00019180266064833316	0.003636143143523344
7.9	0.4	0.00018542751787766835	0.003547614531824406
7.95	0.4	0.00017932333406481965	0.0034621295133008744
8.	0.4	0.00017347237514704194	0.0033795141800134175
8.05	0.4	0.0001678621963104064	0.0032996441981077438
8.1	0.4	0.0001624826261459085	0.0032224165414753286
8.15	0.4	0.00015732011646331465	0.0031476964817690367
8.2	0.4	0.00015236174624976896	0.0030753551904855224
8.25	0.4	0.00014760090335001245	0.003005323186405981
8.3	0.4	0.00014302798442553393	0.0029375028503165986
8.35	0.4	0.00013863000715931225	0.0028717645804708786
8.4	0.4	0.00013440075752844109	0.0028080428380298232
8.45	0.4	0.0001303338293705998	0.0027462702655263863
8.5	0.4	0.00012642160078985492	0.002686367998394587
8.55	0.4	0.00012265283049574848	0.002628222602838216
8.6	0.4	0.00011902362553700672	0.002571790829846766
8.65	0.4	0.00011552895240436687	0.0025170185368164903
8.7	0.4	0.00011216281682966067	0.002463842404830984
8.75	0.4	0.00010891716740529526	0.0024121792241329483
8.8	0.4	0.0001057859445721024	0.00236196504449588
8.85	0.4	0.00010276699263627644	0.0023131736628502525
8.9	0.4	0.00009985564733521901	0.002265754620336133
8.95	0.4	0.00009704724440633216	0.002219657458093594
9.	0.4	0.00009433419550548983	0.0021748029908034545
9.05	0.4	0.00009171359452385833	0.002131158031878116
9.1	0.4	0.00008918351830990432	0.0020886990513974027
9.15	0.4	0.00008674038187171791	0.0020473861933608273
9.2	0.4	0.0000843806002173896	0.002007179601767909
9.25	0.4	0.00008209921028010239	0.0019680256105513673
9.3	0.4	0.00007989096805977929	0.0019298677383346348
9.35	0.4	0.00007775627795808684	0.0018927061079249633
9.4	0.4	0.00007569242308868078	0.0018565095628459505
9.45	0.4	0.00007369668656521719	0.0018212469466212004
9.5	0.4	0.00007176635150135185	0.0017868871027743114
9.55	0.4	0.00006989707600538116	0.0017533821910656814
9.6	0.4	0.00006808498908272559	0.0017206892059081385
9.65	0.4	0.00006633092781311911	0.001688813479030158
9.7	0.4	0.00006463286602873574	0.0016577309454914588
9.75	0.4	0.00006298877756174928	0.001627417540351755
9.8	0.4	0.00006139663624433369	0.0015978491986707644
9.85	0.4	0.000059854415908662904	0.0015690018555082042
9.9	0.4	0.000058356901835745196	0.001540817747937823
9.95	0.4	0.00005690419962364066	0.001513295340442009
10.	0.4	0.00005549611925048428	0.0014864299732640911
10.05	0.4	0.00005413117698072972	0.0014602033141224145
10.1	0.4	0.00005280788907883063	0.001434597030735324
10.15	0.4	0.00005152477180924052	0.0014095927908211621
10.2	0.4	0.00005028034143641309	0.0013851722620982746
10.25	0.4	0.000049072036674329515	0.001361305329482822
10.3	0.4	0.00004789616649237947	0.0013379495243563714
10.35	0.4	0.000046754919872987996	0.00131512667488491
10.4	0.4	0.00004564723250909025	0.0012928230351546169
10.45	0.4	0.00004457204009362157	0.001271024859251675
10.5	0.4	0.00004352827831951715	0.001249718401262263
10.55	0.4	0.000042514882879712284	0.0012288899152725628
10.6	0.4	0.00004153078946714226	0.0012085256553687558
10.65	0.4	0.00004057493377474226	0.0011886118756370214
10.7	0.4	0.00003964273628477533	0.001169094837203857
10.75	0.4	0.00003873602294243187	0.0011499936768907028
10.8	0.4	0.00003785481405936051	0.0011313069886166884
10.850000000000001	0.4	0.00003699836380677476	0.0011130246498323197
10.9	0.4	0.00003616592635588815	0.0010951365379881022
10.95	0.4	0.000035356755877914166	0.0010776325305345404
11.	0.4	0.0000345701065440663	0.001060502504922139
11.05	0.4	0.00003380523252555807	0.001043736338601404
11.100000000000001	0.4	0.00003306138799360301	0.0010273239090228404
11.15	0.4	0.00003233673395592945	0.0010112420748642089
11.2	0.4	0.00003162860021125016	0.0009954577957155086
11.25	0.4	0.000030939452122678505	0.0009799991919599356
11.3	0.4	0.0000302687806355905	0.0009648589608540495
11.350000000000001	0.4	0.000029616076695362137	0.0009500297996544089
11.4	0.4	0.000028980831247369416	0.0009355044056175733
11.45	0.4	0.000028362535236988306	0.0009212754760001008
11.5	0.4	0.000027760679609594768	0.0009073357080585498
11.55	0.4	0.000027174755310564816	0.0008936777990494797
11.600000000000001	0.4	0.00002660425328527443	0.0008802944462294493
11.65	0.4	0.000026048664479099618	0.0008671783468550179
11.7	0.4	0.000025506038658591434	0.0008543041129779366
11.75	0.4	0.000024974840108210817	0.000841651558392563
11.8	0.4	0.000024457170692209966	0.0008292461445078253
11.850000000000001	0.4	0.000023952693148605144	0.0008170827243884514
11.9	0.4	0.00002346107021541261	0.0008051561510991693
11.95	0.4	0.00002298196463064861	0.0007934612777047065
12.	0.4	0.00002251503913232937	0.00078199295726979
12.05	0.4	0.000022059956458471164	0.0007707460428591483
12.100000000000001	0.4	0.000021616379347090247	0.0007597153875375088
12.15	0.4	0.000021183970536202888	0.0007488958443695997
12.2	0.4	0.000020762392763825317	0.0007382822664201484
12.25	0.4	0.000020351308767973783	0.000727869506753882
12.3	0.4	0.000019950381286664544	0.0007176524184355289
12.350000000000001	0.4	0.000019556101724859917	0.000707583616448221
12.4	0.4	0.000019170839286821954	0.0006976940005096808
12.45	0.4	0.000018794869334503747	0.0006879865830483458
12.5	0.4	0.000018427975807074746	0.0006784578313725787
12.55	0.4	0.000018069942643704412	0.000669104212790743
12.600000000000001	0.4	0.000017720553783562203	0.0006599221946112021
12.65	0.4	0.000017379593165817582	0.0006509082441423193
12.7	0.4	0.000017046844729639986	0.0006420588286924577
12.75	0.4	0.000016722092414198866	0.00063337041556998
12.8	0.4	0.00001640512015866368	0.0006248394720832497
12.850000000000001	0.4	0.000016095711902203885	0.0006164624655406304
12.9	0.4	0.000015793651583988946	0.0006082358632504851
12.95	0.4	0.0000154987231431883	0.000600156132521177
13.	0.4	0.000015210710518971399	0.0005922197406610689
13.05	0.4	0.00001492797289296379	0.0005844028546518773
13.100000000000001	0.4	0.00001464977390106275	0.0005766945283817481
13.15	0.4	0.000014377895323051847	0.0005691196949265912
13.2	0.4	0.000014112203903754307	0.0005616760014318775
13.25	0.4	0.00001385256638799336	0.0005543610950430779
13.3	0.4	0.00001359884952059225	0.0005471726229056635
13.350000000000001	0.4	0.000013350920046374216	0.0005401082321651056
13.4	0.4	0.000013108644710162502	0.0005331655699668755
13.45	0.4	0.000012871890256780336	0.0005263422834564439
13.5	0.4	0.000012640523431050945	0.0005196360197792818
13.55	0.4	0.000012414410977797579	0.0005130444260808603
13.600000000000001	0.4	0.000012193419641843469	0.0005065651495066507
13.65	0.4	0.000011977416168011864	0.0005001958372021243
13.7	0.4	0.00001176626730112599	0.0004939341363127517
13.75	0.4	0.00001155983978600908	0.000487777693984004
13.8	0.4	0.000011358000367484374	0.0004817241573613524
13.850000000000001	0.4	0.000011160615790375112	0.000475771173590268
13.9	0.4	0.00001096567004784056	0.00046988743968618573
13.95	0.4	0.000010773763907264288	0.000464081889492115
14.	0.4	0.00001058594856876051	0.0004583703829297266
14.05	0.4	0.000010402145308707181	0.0004527514056489162
14.100000000000001	0.4	0.000010222275403482249	0.00044722344329957897
14.149999999999999	0.4	0.000010046260129463671	0.00044178498153161073
14.2	0.4	9.874020763029373e-6	0.00043643450599490594
14.25	0.4	9.705478580557316e-6	0.0004311705023393603
14.3	0.4	9.540554858425444e-6	0.0004259914562148691
14.350000000000001	0.4	9.379170873011712e-6	0.0004208958532713278
14.399999999999999	0.4	9.221247900694073e-6	0.00041588217915863185
14.45	0.4	9.066707217850455e-6	0.000410948919526676
14.5	0.4	8.915470100858818e-6	0.00040609456002535586
14.55	0.4	8.767457826097108e-6	0.00040131758630456674
14.600000000000001	0.4	8.622591669943276e-6	0.00039661648401420396
14.649999999999999	0.4	8.480792908775278e-6	0.00039198973880416317
14.7	0.4	8.341982818971042e-6	0.000387435836324339
14.75	0.4	8.206082676908526e-6	0.0003829532622246271
14.8	0.4	8.073013758965681e-6	0.00037854050215492275
14.850000000000001	0.4	7.942697341520452e-6	0.00037419604176512134
14.899999999999999	0.4	7.815054700950796e-6	0.0003699183667051184
14.95	0.4	7.690007113634644e-6	0.0003657059626248087
15.	0.4	7.567475855949951e-6	0.00036155731517408787
15.05	0.4	7.447382204274669e-6	0.0003574709100028511
15.100000000000001	0.4	7.329647434986744e-6	0.00035344523276099383
15.149999999999999	0.4	7.214192824464132e-6	0.00034947876909841155
15.2	0.4	7.1009396490847645e-6	0.0003455700046649991
15.25	0.4	6.989809185226599e-6	0.000341717425110652
15.3	0.4	6.880722709267582e-6	0.00033791951608526556
15.350000000000001	0.4	6.773601497585664e-6	0.00033417476323873514
15.399999999999999	0.4	6.668366826558797e-6	0.0003304816522209563
15.45	0.4	6.564939972564916e-6	0.0003268386686818238
15.5	0.4	6.463242211981977e-6	0.00032324429827123327
15.55	0.4	6.363194821187928e-6	0.00031969702663907997
15.600000000000001	0.4	6.264719076560717e-6	0.0003161953394352592
15.650000000000002	0.4	6.1677362544782905e-6	0.0003127377223096663
15.7	0.4	6.072167631318606e-6	0.00030932266091219683
15.75	0.4	5.977934483459595e-6	0.00030594864089274556
15.8	0.4	5.884958087279215e-6	0.0003026141479012081
15.850000000000001	0.4	5.793159719155412e-6	0.00029931766758747977
15.900000000000002	0.4	5.702460655466136e-6	0.00029605768560145583
15.95	0.4	5.612782172589339e-6	0.00029283268759303186
16.	0.4	5.524045546902959e-6	0.0002896411592121027
6.05	0.5	0.0012893520766126085	0.01475004007189723
6.1	0.5	0.0011039022817463926	0.012961533142789841
6.1499999999999995	0.5	0.0009853212533549572	0.0118084501072263
6.2	0.5	0.0008968183598978522	0.010940835395361666
6.25	0.5	0.0008257939820685276	0.01023889143652525
6.3	0.5	0.0007664047699870992	0.009647107092607774
6.35	0.5	0.0007153500117107818	0.009134162169188855
6.3999999999999995	0.5	0.0006706336102634842	0.008681145133280128
6.45	0.5	0.0006309125479708444	0.008275352824687795
6.5	0.5	0.0005952457871361208	0.007907900847126857
6.55	0.5	0.0005629456226297404	0.007572309204380718
6.6	0.5	0.0005334921355248573	0.007263688587049768
6.65	0.5	0.0005064813387559931	0.006978247314543306
6.7	0.5	0.0004815922205989934	0.006712978161142163
6.75	0.5	0.00045856489955217955	0.006465450890379621
6.8	0.5	0.00043718556893905194	0.006233669362699091
6.85	0.5	0.00041727574206925884	0.0060159695849167595
6.9	0.5	0.00039868162096292514	0.005810919426345843
6.95	0.5	0.0003812769582413483	0.005617344881262261
7.	0.5	0.0003649521624983911	0.005434227457165046
7.05	0.5	0.00034960724148474354	0.005260638331322487
7.1	0.5	0.00033516090922732725	0.005095822919100435
7.15	0.5	0.0003215389735512536	0.004939092350052865
7.2	0.5	0.0003086733709644514	0.0047898147834405415
7.25	0.5	0.00029650976496677366	0.004647485288139694
7.3	0.5	0.00028499072606123505	0.0045115704580921505
7.35	0.5	0.00027407500207642305	0.004381686038031433
7.4	0.5	0.0002637146563913131	0.004257386253547794
7.45	0.5	0.00025387646938035494	0.0041383606310030656
7.5	0.5	0.0002445217176132714	0.0040242481813991815
7.55	0.5	0.00023562108342982605	0.00391477415594919
7.6	0.5	0.00022714550584846012	0.003809666193780646
7.65	0.5	0.00021906602469236902	0.0037086528251321915
7.7	0.5	0.00021136259862894433	0.003611544208017627
7.75	0.5	0.00020400792093898992	0.0035180840464702117
7.8	0.5	0.0001969844440703	0.003428105261007738
7.85	0.5	0.00019027450408589956	0.0033414397081801455
7.9	0.5	0.00018385451342209862	0.0032578650924458214
7.95	0.5	0.00017771360754888688	0.003177275428246853
8.	0.5	0.00017183668807253542	0.0030995260253710365
8.05	0.5	0.00016620403846878714	0.0030244299169703724
8.1	0.5	0.00016080745396981363	0.0029519055225243744
8.15	0.5	0.00015563504237617223	0.002881837504294169
8.2	0.5	0.00015067152651649716	0.0028140794437258405
8.25	0.5	0.00014590756234904778	0.0027485394118094532
8.3	0.5	0.00014133526134429714	0.0026851388468811096
8.35	0.5	0.00013694489884128068	0.0026237823194135155
8.4	0.5	0.00013272239170119285	0.0025643341596356993
8.45	0.5	0.00012866451634574935	0.0025067589601567046
8.5	0.5	0.00012476368701570988	0.002450981039152383
8.55	0.5	0.00012101211788242627	0.0023969228532079567
8.6	0.5	0.00011739799494951511	0.0023444693779194814
8.65	0.5	0.00011391966564233954	0.002293600138108228
8.7	0.5	0.00011057120288152046	0.0022442548855084307
8.75	0.5	0.0001073466795876783	0.0021963733718543175
8.8	0.5	0.00010423705573679112	0.0021498660743292726
8.85	0.5	0.00010123860263871504	0.0021046934186161018
8.9	0.5	0.00009834833173131635	0.002060822790661138
8.95	0.5	0.00009556165919279287	0.002018206574373854
9.	0.5	0.00009287400120134196	0.0019767971536637165
9.05	0.5	0.00009027697819128505	0.0019365107186277261
9.1	0.5	0.00008776965607558693	0.0018973344547373238
9.15	0.5	0.00008534937345148458	0.001859239076873844
9.2	0.5	0.00008301262699787057	0.0018221872719178757
9.25	0.5	0.0000807559133936371	0.0017861417267500024
9.3	0.5	0.0000785736388716073	0.001751044843522932
9.35	0.5	0.00007646214225828413	0.0017168577773902139
9.4	0.5	0.00007442124759048914	0.0016835755023845121
9.45	0.5	0.00007244831336717202	0.0016511690680921555
9.5	0.5	0.0000705406980872822	0.001619609524099467
9.55	0.5	0.00006869576024976933	0.0015888679199927741
9.6	0.5	0.00006690866962453172	0.001558893604785938
9.65	0.5	0.00006517685084190777	0.0015296582837375763
9.7	0.5	0.00006350063604549233	0.0015011624892021427
9.75	0.5	0.00006187806402330274	0.0014733840156219335
9.8	0.5	0.00006030717356335652	0.0014463006574392493
9.85	0.5	0.00005878600345367122	0.0014198902090963895
9.9	0.5	0.00005731259248226416	0.0013941304650356518
9.95	0.5	0.00005588138302748241	0.0013689626240459248
10.	0.5	0.00005449349113193092	0.0013443957935045342
10.05	0.5	0.00005314829438995335	0.0013204213910215454
10.1	0.5	0.000051844361947511093	0.0012970226077535587
10.15	0.5	0.0000505802629505654	0.0012741826348571716
10.2	0.5	0.00004935456654507772	0.001251884663488985
10.25	0.5	0.00004816584187700932	0.001230111884805597
10.3	0.5	0.000047011211967404	0.0012088323134216222
10.35	0.5	0.000045887909898347026	0.0011880151190012825
10.4	0.5	0.00004479770281513573	0.0011676770545121925
10.45	0.5	0.00004373956728760473	0.00114780558687264
10.5	0.5	0.0000427124798855885	0.0011283881830009093
10.55	0.5	0.00004171541717892162	0.0011094123098152875
10.6	0.5	0.00004074735573743866	0.0010908654342340616
10.65	0.5	0.000039807272130974114	0.0010727350231755162
10.7	0.5	0.000038894142929362584	0.001055008543557939
10.75	0.5	0.00003800318714090258	0.0010376325724967802
10.8	0.5	0.00003713692961208994	0.001020633189274141
10.850000000000001	0.5	0.00003629502903662918	0.0010040052836835644
10.9	0.5	0.00003547676960993909	0.0009877396702264345
10.95	0.5	0.000034681435527438416	0.0009718271634041347
11.	0.5	0.00003390831098454591	0.000956258577718048
11.05	0.5	0.00003315668017668036	0.0009410247276695587
11.100000000000001	0.5	0.00003242582729926054	0.0009261164277600505
11.15	0.5	0.00003171503654770525	0.0009115244924909077
11.2	0.5	0.00003102214969227723	0.0008972233645894855
11.25	0.5	0.00003034540887773006	0.000883192031102588
11.3	0.5	0.000029686793283797457	0.000869451895067878
11.350000000000001	0.5	0.000029045814769927766	0.0008559963550126979
11.4	0.5	0.000028421985195569366	0.0008428188094643904
11.45	0.5	0.000027814816420170582	0.0008299126569502977
11.5	0.5	0.000027223820303179743	0.0008172712959977617
11.55	0.5	0.000026648508704045223	0.0008048881251341252
11.600000000000001	0.5	0.000026088393482215376	0.0007927565428867308
11.65	0.5	0.00002554298649713857	0.0007808699477829213
11.7	0.5	0.000025011799608263135	0.0007692217383500386
11.75	0.5	0.00002449248409940683	0.0007577831441238247
11.8	0.5	0.00002398456560712619	0.0007465477277875912
11.850000000000001	0.5	0.000023489563050451598	0.0007355328022349036
11.9	0.5	0.000023007152913499332	0.0007247337275166352
11.95	0.5	0.000022537011680385623	0.0007141458636836589
12.	0.5	0.000022078815835226718	0.0007037645707868473
12.05	0.5	0.00002163224186213889	0.000693585208877074
12.100000000000001	0.5	0.0000211969662452384	0.000683603138005212
12.15	0.5	0.000020772665468641516	0.0006738137182221349
12.2	0.5	0.000020359016016464487	0.0006642123095787154
12.25	0.5	0.000019955694372823547	0.0006547942721258263
12.3	0.5	0.000019562377021834976	0.0006455549659143411
12.350000000000001	0.5	0.000019178548605734027	0.000636487334374887
12.4	0.5	0.000018800803248382938	0.0006275479092578837
12.45	0.5	0.000018432140613844565	0.0006187739125053506
12.5	0.5	0.000018072353095564657	0.0006101621642707766
12.55	0.5	0.00001772123308698899	0.0006017094847076517
12.600000000000001	0.5	0.00001737857298156333	0.0005934126939694654
12.65	0.5	0.00001704416517273345	0.0005852686122097073
12.7	0.5	0.000016717802053945106	0.0005772740595818666
12.75	0.5	0.000016399276018644047	0.0005694258562394326
12.8	0.5	0.000016088379460276053	0.0005617208223358949
12.850000000000001	0.5	0.00001578490477228688	0.0005541557780247431
12.9	0.5	0.00001548864434812231	0.0005467275434594669
12.95	0.5	0.000015199390581228094	0.0005394329387935554
13.	0.5	0.000014916935865049985	0.000532268784180498
13.05	0.5	0.000014641072593033758	0.0005252318997737843
13.100000000000001	0.5	0.00001436933786386186	0.0005182888357094288
13.15	0.5	0.000014102872139465035	0.0005114545055880668
13.2	0.5	0.000013842449740324943	0.000504738908748906
13.25	0.5	0.000013587942210440444	0.0004981399276848977
13.3	0.5	0.000013339221093810417	0.0004916554448889937
13.350000000000001	0.5	0.000013096157934433734	0.0004852833428541457
13.4	0.5	0.000012858624276309278	0.00047902150407330533
13.45	0.5	0.000012626491663435907	0.000472867811039424
13.5	0.5	0.000012399631639812487	0.000466820146245453
13.55	0.5	0.000012177915749437896	0.00046087639218434407
13.600000000000001	0.5	0.000011961215536311005	0.0004550344313490488
13.65	0.5	0.000011749402544430696	0.00044929214623251894
13.7	0.5	0.000011542348317795828	0.0004436474193277059
13.75	0.5	0.000011339924400405268	0.000438098133127561
13.8	0.5	0.000011142002336257894	0.000432642170125036
13.850000000000001	0.5	0.000010948453669352576	0.0004272774128130824
13.9	0.5	0.00001075897155753333	0.00042199917068767016
13.95	0.5	0.000010570946364373087	0.0004167695383200247
14.	0.5	0.000010386915481983287	0.000411624849725038
14.05	0.5	0.000010206802642204511	0.00040656374013994996
14.100000000000001	0.5	0.000010030531576877335	0.00040158484480200057
14.149999999999999	0.5	9.858026017842352e-6	0.00039668679894843014
14.2	0.5	9.689209696940112e-6	0.0003918682378164778
14.25	0.5	9.524006346011203e-6	0.0003871277966433839
14.3	0.5	9.362339696896202e-6	0.0003824641106663883
14.350000000000001	0.5	9.204133481435688e-6	0.0003778758151227309
14.399999999999999	0.5	9.049311431470245e-6	0.00037336154524965197
14.45	0.5	8.897797278840432e-6	0.0003689199362843907
14.5	0.5	8.749514755386835e-6	0.0003645496234641875
14.55	0.5	8.604387592950029e-6	0.00036024924202628214
14.600000000000001	0.5	8.462339523370593e-6	0.00035601742720791453
14.649999999999999	0.5	8.323294278489113e-6	0.0003518528142463249
14.7	0.5	8.187175590146145e-6	0.0003477540383787526
14.75	0.5	8.053907190182278e-6	0.0003437197348424378
14.8	0.5	7.923412810438087e-6	0.00033974853887462045
14.850000000000001	0.5	7.795616182754149e-6	0.0003358390857125404
14.899999999999999	0.5	7.67044103897105e-6	0.0003319900105934379
14.95	0.5	7.5478111109293474e-6	0.00032819994875455234
15.	0.5	7.427650130469628e-6	0.0003244675354331238
15.05	0.5	7.309881829432471e-6	0.00032079140586639226
15.100000000000001	0.5	7.194429939658449e-6	0.00031717019529159765
15.149999999999999	0.5	7.081218192988149e-6	0.0003136025389459801
15.2	0.5	6.970170321262131e-6	0.000310087072066779
15.25	0.5	6.86121005632098e-6	0.00030662242989123453
15.3	0.5	6.754261130005274e-6	0.0003032072476565866
15.350000000000001	0.5	6.649247274155588e-6	0.0002998401606000752
15.399999999999999	0.5	6.546092220612507e-6	0.0002965198039589403
15.45	0.5	6.444719701216593e-6	0.0002932448129704215
15.5	0.5	6.345053447808429e-6	0.00029001382287175895
15.55	0.5	6.247017192228593e-6	0.00028682546890019243
15.600000000000001	0.5	6.150534666317662e-6	0.000283678386292962
15.650000000000002	0.5	6.055529601916211e-6	0.00028057121028730745
15.7	0.5	5.961925730864826e-6	0.000277502576120469
15.75	0.5	5.869646785004068e-6	0.00027447111902968605
15.8	0.5	5.7786164961745216e-6	0.0002714754742521988
15.850000000000001	0.5	5.688758596216764e-6	0.00026851427702524717
15.900000000000002	0.5	5.599996816971371e-6	0.00026558616258607096
15.95	0.5	5.512254890278926e-6	0.0002626897661719104
16.	0.5	5.425456547979993e-6	0.00025982372302000493
6.05	0.6	0.0013243894967510585	0.01424558581809291
6.1	0.6	0.0011199754662833453	0.012349398920057193
6.1499999999999995	0.6	0.0009915945324287315	0.011150095736247933
6.2	0.6	0.0008969598409028187	0.010259796381459919
6.25	0.6	0.0008217893577898962	0.009547547906526146
6.3	0.6	0.0007594397554296383	0.008952479174351342
6.35	0.6	0.0007062290027538126	0.008440885087837803
6.3999999999999995	0.6	0.0006599088057036677	0.00799220977666809
6.45	0.6	0.0006189941376169692	0.007592894280859194
6.5	0.6	0.000582442068959658	0.0072334298240955205
6.55	0.6	0.0005494932534041697	0.006906903682810408
6.6	0.6	0.0005195758429858851	0.006608117978666934
6.65	0.6	0.0004922472073630938	0.006333055457377348
6.7	0.6	0.00046715691706499153	0.006078540338147742
6.75	0.6	0.0004440222371546425	0.005842013808593681
6.8	0.6	0.0004226112567226555	0.0056213796210695935
6.85	0.6	0.00040272848692934795	0.005414872645828335
6.9	0.6	0.0003842131012822517	0.005221042333929995
6.95	0.6	0.0003669287881714592	0.005038660116202991
7.	0.6	0.0003507549975519475	0.004866639996231339
7.05	0.6	0.00033558828985592843	0.00470405064724087
7.1	0.6	0.0003213429640894969	0.004550120540306732
7.15	0.6	0.00030793548650219645	0.004404097712102657
7.2	0.6	0.00029530118285626896	0.0042653997701618835
7.25	0.6	0.00028337566921577285	0.004133446818292955
7.3	0.6	0.00027210589391246203	0.004007760654753098
7.35	0.6	0.00026144156434445984	0.003887887672325616
7.4	0.6	0.00025133985051895675	0.003773441073172558
7.45	0.6	0.00024175903745313069	0.0036640439463122973
7.5	0.6	0.00023266616626909823	0.0035593975587771766
7.55	0.6	0.0002240237949389845	0.003459163177373219
7.6	0.6	0.00021580764746481466	0.0033631193720959776
7.65	0.6	0.00020798507092513235	0.0032709701291502554
7.7	0.6	0.00020053471052300663	0.0031825199599256736
7.75	0.6	0.00019343376279154934	0.003097560492216807
7.8	0.6	0.00018665710739733792	0.0030158627456466115
7.85	0.6	0.00018019031915377827	0.002937292842219944
7.9	0.6	0.000174013025879132	0.002861664017252691
7.95	0.6	0.00016810695611508753	0.0027888081914829964
8.	0.6	0.00016246053160643965	0.0027186168200573355
8.05	0.6	0.0001570574627505535	0.002650939428684651
8.1	0.6	0.00015188214965871	0.0025856316876410115
8.15	0.6	0.0001469262287656801	0.0025226137346206585
8.2	0.6	0.00014217806179857713	0.00246177653339433
8.25	0.6	0.00013762139572039066	0.002402969810051904
8.3	0.6	0.00013325122194985487	0.0023461437715019936
8.35	0.6	0.00012905847055318478	0.0022912123322762793
8.4	0.6	0.0001250324028666506	0.0022380744270741504
8.45	0.6	0.00012116262514663334	0.0021866320879512773
8.5	0.6	0.00011744508748839255	0.0021368443141524295
8.55	0.6	0.00011387258777077581	0.00208864179825951
8.6	0.6	0.00011043646838476873	0.002041942069948695
8.65	0.6	0.00010712811393543024	0.001996663040664968
8.7	0.6	0.00010394507426620052	0.001952778378039067
8.75	0.6	0.00010088175325988213	0.001910233298771717
8.8	0.6	0.000097932554799278	0.0018689730195636481
8.85	0.6	0.00009508782691441987	0.0018289057220023468
8.9	0.6	0.00009234648984287634	0.0017900178628728438
8.95	0.6	0.00008970473395112803	0.001752270971752359
9.	0.6	0.00008715825434340842	0.0017156220558415733
9.05	0.6	0.00008470264951084992	0.0016800272290733993
9.1	0.6	0.00008232938107021585	0.0016454043565666166
9.15	0.6	0.00008003934778773109	0.0016117585576671052
9.2	0.6	0.00007782927599819854	0.0015790563741523462
9.25	0.6	0.00007569589203642075	0.001547264347799816
9.3	0.6	0.00007363592223720054	0.0015163490203869946
9.35	0.6	0.00007164333357590947	0.0014862510131587088
9.4	0.6	0.00006971633848480508	0.0014569508278126874
9.45	0.6	0.00006785410207788032	0.00142843791523166
9.5	0.6	0.00006605416737681953	0.0014006864888863042
9.55	0.6	0.00006431407740330727	0.0013736707622472996
9.6	0.6	0.00006263137517902807	0.0013473649487853263
9.65	0.6	0.000061000894094419567	0.0013217173080064314
9.7	0.6	0.00005942158801217122	0.001296715566997801
9.75	0.6	0.00005789319633680633	0.0012723549770900003
9.8	0.6	0.00005641390242886828	0.0012486158851831618
9.85	0.6	0.00005498188964890044	0.0012254786381774177
9.9	0.6	0.00005359534135744603	0.0012029235829728977
9.95	0.6	0.000052252440915048464	0.0011809310664697352
10.	0.6	0.000050947467567187826	0.0011594431424242623
10.05	0.6	0.00004968261809710549	0.0011384795230140199
10.1	0.6	0.00004845679841731485	0.0011180276422218826
10.15	0.6	0.000047268687861416185	0.0010980727116528593
10.2	0.6	0.000046116965763009945	0.0010785999429119605
10.25	0.6	0.0000450003114556964	0.0010595945476041951
10.3	0.6	0.00004391740427307596	0.0010410417373345733
10.35	0.6	0.000042865108295627305	0.0010229084097857497
10.4	0.6	0.00004184182142687453	0.00100517693724049
10.45	0.6	0.000040848751876748	0.0009878580449052975
10.5	0.6	0.00003988495777894096	0.0009709407660645967
10.55	0.6	0.000038949497267146774	0.0009544141340028148
10.6	0.6	0.000038041428475058796	0.0009382671820043784
10.65	0.6	0.000037159809536370286	0.0009224889433537128
10.7	0.6	0.00003630369858477464	0.0009070684513352451
10.75	0.6	0.000035472062635772927	0.0008919937887258626
10.8	0.6	0.00003466032839864757	0.000877216107282777
10.850000000000001	0.6	0.00003387146336372097	0.00086276522109232
10.9	0.6	0.000033104810159019515	0.0008486331311668951
10.95	0.6	0.000032359711412569506	0.000834811838518904
11.	0.6	0.000031635509752397266	0.0008212933441607492
11.05	0.6	0.00003093154780652916	0.0008080696491048339
11.100000000000001	0.6	0.000030247168202991534	0.0007951327543635607
11.15	0.6	0.00002958171356981075	0.0007824746609493327
11.2	0.6	0.00002893452653501313	0.0007700873698745521
11.25	0.6	0.00002830316660928958	0.0007579435429810978
11.3	0.6	0.000027686956478251642	0.0007460349649917582
11.350000000000001	0.6	0.000027087263648079676	0.000734375598156782
11.4	0.6	0.000026503640370046554	0.0007229597170011614
11.45	0.6	0.000025935638895425095	0.0007117815960498875
11.5	0.6	0.00002538281147548813	0.0007008355098279519
11.55	0.6	0.000024844710361508515	0.0006901157328603466
11.600000000000001	0.6	0.00002432088780475911	0.0006796165396720633
11.65	0.6	0.00002381089605651277	0.0006693322047880943
11.7	0.6	0.00002331428736804232	0.0006592570027334307
11.75	0.6	0.000022830613990620594	0.000649385208033064
11.8	0.6	0.000022357194799543093	0.0006396857527703203
11.850000000000001	0.6	0.000021894688031662186	0.0006301654612492328
11.9	0.6	0.000021443945712126484	0.0006208333567177849
11.95	0.6	0.000021004671138645442	0.0006116854276468273
12.	0.6	0.000020576567608928532	0.0006027176625072111
12.05	0.6	0.000020159338420685248	0.0005939260497697881
12.100000000000001	0.6	0.00001975268687162507	0.0005853065779054094
12.15	0.6	0.000019356316259457495	0.0005768552353849266
12.2	0.6	0.000018969929881891984	0.0005685680106791909
12.25	0.6	0.00001859323103663801	0.0005604408922590533
12.3	0.6	0.00001822592302140506	0.0005524698685953653
12.350000000000001	0.6	0.000017867709133902617	0.0005446509281589784
12.4	0.6	0.000017517438223748215	0.0005369698463987133
12.45	0.6	0.000017173387409258705	0.0005294055649903101
12.5	0.6	0.000016837609849420266	0.0005219821597573966
12.55	0.6	0.000016509914943577967	0.0005146968873793344
12.600000000000001	0.6	0.000016190112091076857	0.0005075470045354848
12.65	0.6	0.000015878010691262006	0.0005005297679052096
12.7	0.6	0.000015573420143478447	0.0004936424341678695
12.75	0.6	0.000015276149847071228	0.0004868822600028259
12.8	0.6	0.000014986009201385407	0.00048024650208944026
12.850000000000001	0.6	0.000014702807605766038	0.00047373241710707396
12.9	0.6	0.000014426354459558185	0.0004673372617350885
12.95	0.6	0.000014156459162106887	0.000461058292652845
13.	0.6	0.00001389293111275719	0.0004548927665397047
13.05	0.6	0.000013635579710854155	0.00044883794007502894
13.100000000000001	0.6	0.00001338414025522474	0.00044289012986646105
13.15	0.6	0.000013135718758465627	0.0004370122962417186
13.2	0.6	0.000012892921977875604	0.00043123718439179096
13.25	0.6	0.000012655631690070447	0.00042556296920588454
13.3	0.6	0.000012423729671665941	0.00041998782557320613
13.350000000000001	0.6	0.000012197097699277869	0.0004145099283829624
13.4	0.6	0.00001197561754952202	0.00040912745252436
13.45	0.6	0.000011759170999014167	0.0004038385728866055
13.5	0.6	0.000011547639824370084	0.0003986414643589053
13.55	0.6	0.00001134090580220556	0.00039353430183046613
13.600000000000001	0.6	0.000011138850709136376	0.00038851526019049467
13.65	0.6	0.000010941356321778321	0.00038358251432819764
13.7	0.6	0.000010748304416747167	0.0003787342391327815
13.75	0.6	0.000010559576770658689	0.0003739686094934527
13.8	0.6	0.000010375055160128677	0.00036928380029941797
13.850000000000001	0.6	0.000010194621361772911	0.00036467798643988403
13.9	0.6	0.000010018157152207178	0.00036014934280405753
13.95	0.6	9.844213406851262e-6	0.0003556779734979239
14.	0.6	9.67278689182e-6	0.0003512636147214139
14.05	0.6	9.505004199378277e-6	0.0003469213432898973
14.100000000000001	0.6	9.340794851077208e-6	0.0003426499823663812
14.149999999999999	0.6	9.180088368467922e-6	0.0003384483551138731
14.2	0.6	9.022814273101512e-6	0.0003343152846953792
14.25	0.6	8.86890208652911e-6	0.0003302495942739071
14.3	0.6	8.718281330301826e-6	0.0003262501070124637
14.350000000000001	0.6	8.570881525970783e-6	0.0003223156460740562
14.399999999999999	0.6	8.426632195087105e-6	0.00031844503462169184
14.45	0.6	8.285462859201888e-6	0.0003146370958183772
14.5	0.6	8.147303039866262e-6	0.00031089065282711954
14.55	0.6	8.01208225863134e-6	0.000307204528810926
14.600000000000001	0.6	7.87973003704824e-6	0.0003035775469328036
14.649999999999999	0.6	7.750175896668091e-6	0.0003000085303557596
14.7	0.6	7.623349359041987e-6	0.0002964963022428007
14.75	0.6	7.499179945721057e-6	0.00029303968575693413
14.8	0.6	7.3775971782564155e-6	0.00028963750406116697
14.850000000000001	0.6	7.258530578199181e-6	0.00028628858031850624
14.899999999999999	0.6	7.141909667100479e-6	0.0002829917376919593
14.95	0.6	7.027663966511408e-6	0.0002797457993445327
15.	0.6	6.915722997983093e-6	0.00027654958843923377
15.05	0.6	6.806016283066653e-6	0.00027340192813906955
15.100000000000001	0.6	6.698473343313202e-6	0.0002703016416070471
15.149999999999999	0.6	6.593023700273866e-6	0.0002672475520061737
15.2	0.6	6.489596875499747e-6	0.000264238482499456
15.25	0.6	6.388122390541968e-6	0.0002612732562499013
15.3	0.6	6.288529766951647e-6	0.0002583506964205166
15.350000000000001	0.6	6.190748526279901e-6	0.000255469626174309
15.399999999999999	0.6	6.094708190077852e-6	0.00025262886867428574
15.45	0.6	6.000338279896604e-6	0.0002498272470834535
15.5	0.6	5.9075683172872815e-6	0.0002470635845648196
15.55	0.6	5.816327823801e-6	0.000244336704281391
15.600000000000001	0.6	5.726546320988876e-6	0.00024164542939617486
15.650000000000002	0.6	5.638153330402028e-6	0.00023898858307217817
15.7	0.6	5.5510783735915774e-6	0.00023636498847240818
15.75	0.6	5.465250972108629e-6	0.00023377346875987163
15.8	0.6	5.380600647504307e-6	0.00023121284709757574
15.850000000000001	0.6	5.297056921329726e-6	0.00022868194664852755
15.900000000000002	0.6	5.214549315136005e-6	0.0002261795905757342
15.95	0.6	5.133007350474264e-6	0.00022370460204220285
16.	0.6	5.052360548895611e-6	0.00022125580421094023
6.05	0.7	0.0011776193227533759	0.01108161647059285
6.1	0.7	0.001040682997048487	0.010831810826423772
6.1499999999999995	0.7	0.0009140692155016645	0.009693549122348223
6.2	0.7	0.0008218463964231888	0.00885929628932181
6.25	0.7	0.000749302941435724	0.008198867515894478
6.3	0.7	0.0006895813966215151	0.0076516158254238435
6.35	0.7	0.000638960028938823	0.007184655586321101
6.3999999999999995	0.7	0.0005951401393585437	0.006777695450801053
6.45	0.7	0.0005566339123220431	0.006417616561273209
6.5	0.7	0.0005223934326840275	0.006095190046112057
6.55	0.7	0.0004916585857530018	0.005803729480810836
6.6	0.7	0.0004638609313749362	0.005538239231359226
6.65	0.7	0.00043856014429241607	0.005294855868802633
6.7	0.7	0.00041540950110501826	0.005070540175316325
6.75	0.7	0.00039413005992362067	0.0048628497722558
6.8	0.7	0.0003744915273750509	0.004669770179051289
6.85	0.7	0.0003563060229461508	0.004489659472510674
6.9	0.7	0.0003394165971923401	0.004321146966864026
6.95	0.7	0.00032368858256991606	0.0041630571106240424
7.	0.7	0.0003090026456305811	0.004014348612156522
7.05	0.7	0.0002952646712373084	0.00387420052217505
7.1	0.7	0.0002823862083421482	0.003741841214113332
7.15	0.7	0.00027029058508425255	0.0036166018469375553
7.2	0.7	0.00025891486114394045	0.0034979330121726803
7.25	0.7	0.00024819476163776233	0.0033852737680072076
7.3	0.7	0.00023808444812049924	0.0032782232954290144
7.35	0.7	0.00022853021840508033	0.003176312542652237
7.4	0.7	0.00021949713092787133	0.003079235125659659
7.45	0.7	0.00021094091265538173	0.0029866038088676755
7.5	0.7	0.00020283308957339417	0.0028981681435430286
7.55	0.7	0.00019513869207371068	0.002813621482497462
7.6	0.7	0.00018783175889764688	0.0027327350684806496
7.65	0.7	0.0001808871368620392	0.0026552871411833394
7.7	0.7	0.0001742781757345567	0.002581042993690287
7.75	0.7	0.00016798801353452156	0.00250985249108367
7.8	0.7	0.00016199308363667618	0.0024415075731692433
7.85	0.7	0.00015627665223153945	0.002375859207930667
7.9	0.7	0.00015082424264707136	0.002312777862590978
7.95	0.7	0.00014561587255987286	0.002252086420674618
8.	0.7	0.00014064031014192978	0.0021936834097673018
8.05	0.7	0.00013588563285813957	0.002137461386605437
8.1	0.7	0.00013133571101333957	0.0020832764903534816
8.15	0.7	0.00012698101507468737	0.0020310420160486314
8.2	0.7	0.00012281273374261935	0.0019806774784614637
8.25	0.7	0.0001188191852520384	0.001932077495277764
8.3	0.7	0.00011498914112838955	0.0018851406218852482
8.35	0.7	0.00011131749646169019	0.0018398186086311292
8.4	0.7	0.00010779621780619522	0.0017960377658857185
8.45	0.7	0.00010441453154113277	0.0017537004861955788
8.5	0.7	0.00010116645351340797	0.0017127509673360013
8.55	0.7	0.00009804731642548554	0.0016731449013550424
8.6	0.7	0.00009505085592681657	0.0016348240403034496
8.65	0.7	0.00009216832517808986	0.0015977083233287704
8.7	0.7	0.00008939485937603249	0.0015617517998946216
8.75	0.7	0.00008672734217090168	0.001526923882614769
8.8	0.7	0.00008416093047284112	0.0014931788117422747
8.85	0.7	0.00008169019483354792	0.0014604656276158848
8.9	0.7	0.00007930751363433484	0.0014287139300798283
8.95	0.7	0.00007701253269541295	0.0013979177677123649
9.	0.7	0.00007480154430462822	0.001368041449465664
9.05	0.7	0.00007267084074982683	0.0013390492842918992
9.1	0.7	0.0000706157487011127	0.0013108969186995498
9.15	0.7	0.00006863067041704965	0.0012835317064094167
9.2	0.7	0.00006671571626862534	0.0012569522079504405
9.25	0.7	0.00006486807980705787	0.001231130817402965
9.3	0.7	0.00006308495458356555	0.001206039928847337
9.35	0.7	0.00006136353414936665	0.001181651936363903
9.4	0.7	0.000059697866283283634	0.0011579105935551404
9.45	0.7	0.00005808804091704618	0.001134814664407256
9.5	0.7	0.00005653265099454413	0.0011123492836791304
9.55	0.7	0.0000550295993583617	0.001090493303147698
9.6	0.7	0.000053576788851083085	0.001069225574589894
9.65	0.7	0.00005217212231529234	0.0010485249497826506
9.7	0.7	0.00005081052663315546	0.0010283426910120714
9.75	0.7	0.000049492465825448554	0.0010086813941888532
9.8	0.7	0.00004821712699655953	0.0009895318172056984
9.85	0.7	0.00004698296571003673	0.000970877935997067
9.9	0.7	0.00004578843752942831	0.0009527037264974171
9.95	0.7	0.00004463199801828265	0.0009349931646412089
10.	0.7	0.000043511757445545986	0.0009177269541975117
10.05	0.7	0.000042423319008459145	0.0009008620408076508
10.1	0.7	0.000041368689653794875	0.0008844160548947599
10.15	0.7	0.00004034675058762526	0.0008683770059713694
10.2	0.7	0.00003935638301602254	0.0008527329035500116
10.25	0.7	0.000038396468145058786	0.0008374717571432167
10.3	0.7	0.000037465887180806204	0.0008225815762635165
10.35	0.7	0.000036563521329336995	0.0008080503704234428
10.4	0.7	0.00003568622079659345	0.0007938463911062661
10.45	0.7	0.0000348336184935914	0.000779964960580462
10.5	0.7	0.000034006290229949305	0.0007664105738456675
10.55	0.7	0.000033203440477860025	0.0007531743852204521
10.6	0.7	0.0000324242737095164	0.0007402475490233853
10.65	0.7	0.00003166799439711121	0.0007276212195730353
10.7	0.7	0.000030933807012837324	0.0007152865511879719
10.75	0.7	0.000030220916028887507	0.0007032346981867631
10.8	0.7	0.00002952799681758227	0.0006914515056119352
10.850000000000001	0.7	0.000028852086022353616	0.000679906374608587
10.9	0.7	0.00002819527851498925	0.0006686194633377138
10.95	0.7	0.000027557020356017657	0.0006575843503467113
11.	0.7	0.00002693675760596731	0.0006467946141829753
11.05	0.7	0.00002633393632536674	0.0006362438333939027
11.100000000000001	0.7	0.000025748002574744445	0.0006259255865268894
11.15	0.7	0.000025178402414628945	0.0006158334521293321
11.2	0.7	0.000024624581905548724	0.0006059610087486265
11.25	0.7	0.000024085987108032263	0.0005963018349321687
11.3	0.7	0.00002356009769874586	0.0005868290477055661
11.350000000000001	0.7	0.00002304729240718091	0.0005775459306522829
11.4	0.7	0.0000225482667051383	0.0005684590632685455
11.45	0.7	0.000022062643869484476	0.0005595638681546992
11.5	0.7	0.000021590047177085895	0.0005508557679110894
11.55	0.7	0.00002113009990480905	0.0005423301851380617
11.600000000000001	0.7	0.000020682425329520413	0.0005339825424359619
11.65	0.7	0.000020246646728086468	0.0005258082624051359
11.7	0.7	0.00001982238737737367	0.0005178027676459289
11.75	0.7	0.000019409270554248476	0.0005099614807586862
11.8	0.7	0.000019006919535577372	0.0005022798243437536
11.850000000000001	0.7	0.00001861256682460731	0.0004947272703629974
11.9	0.7	0.00001822782672549574	0.00048732085301102246
11.95	0.7	0.000017852892092617274	0.00048006217736395497
12.	0.7	0.000017487513442340267	0.00047294804714258053
12.05	0.7	0.00001713144129103309	0.00046597526606768523
12.100000000000001	0.7	0.00001678442615506412	0.000459140637860055
12.15	0.7	0.000016446218550801725	0.0004524409662404758
12.2	0.7	0.000016116568994614266	0.00044587305492973335
12.25	0.7	0.000015795228002870094	0.0004394337076486132
12.3	0.7	0.000015481946091937587	0.00043311972811790146
12.350000000000001	0.7	0.000015176473778185112	0.00042692792005838404
12.4	0.7	0.000014878561577981046	0.0004208550871908469
12.45	0.7	0.000014586616825588576	0.0004148827244756533
12.5	0.7	0.00001430047921286846	0.0004090086520007987
12.55	0.7	0.000014021234160132197	0.0004032448878981114
12.600000000000001	0.7	0.000013748721320735141	0.00039758925181672617
12.65	0.7	0.00001348278034803265	0.00039203956340577804
12.7	0.7	0.000013223250895380073	0.0003865936423144018
12.75	0.7	0.000012969972616132746	0.0003812493081917321
12.8	0.7	0.000012722785163646034	0.000376004380686904
12.850000000000001	0.7	0.000012481528191275288	0.00037085667944905244
12.9	0.7	0.000012246041352375872	0.00036580402412731246
12.95	0.7	0.000012016164300303124	0.0003608442343708187
13.	0.7	0.000011791736688412393	0.00035597512982870597
13.05	0.7	0.000011572598170059038	0.00035119453015010924
13.100000000000001	0.7	0.00001135858839859841	0.0003465002549841634
13.15	0.7	0.000011148693206082951	0.0003418798316360874
13.2	0.7	0.000010942103780018499	0.0003373232628575946
13.25	0.7	0.000010740200206999114	0.00033284693736914474
13.3	0.7	0.000010542882855209998	0.0003284494067035909
13.350000000000001	0.7	0.000010350052092836349	0.0003241292223937857
13.4	0.7	0.000010161608288063367	0.0003198849359725821
13.45	0.7	9.97745180907624e-6	0.0003157150989728326
13.5	0.7	9.79748302406016e-6	0.0003116182629273898
13.55	0.7	9.621602301200325e-6	0.0003075929793691067
13.600000000000001	0.7	9.449710008681935e-6	0.00030363779983083594
13.65	0.7	9.281706514690186e-6	0.0002997512758454304
13.7	0.7	9.117492187410272e-6	0.0002959319589457426
13.75	0.7	8.956967395027378e-6	0.00029217840066462526
13.8	0.7	8.80003250572671e-6	0.00028848915253493126
13.850000000000001	0.7	8.64658788769346e-6	0.00028486276608951326
13.9	0.7	8.496533909112832e-6	0.0002812977928612241
13.95	0.7	8.34976012343506e-6	0.0002777926453802202
14.	0.7	8.204097746086253e-6	0.0002743192801852284
14.05	0.7	8.061531478251594e-6	0.000270903038916138
14.100000000000001	0.7	7.922001732271995e-6	0.00026754298779669704
14.149999999999999	0.7	7.78544892048837e-6	0.00026423819305065367
14.2	0.7	7.651813455241607e-6	0.00026098772090175535
14.25	0.7	7.521035748872624e-6	0.00025779063757375034
14.3	0.7	7.393056213722328e-6	0.0002546460092903865
14.350000000000001	0.7	7.267815262131626e-6	0.0002515529022754119
14.399999999999999	0.7	7.1452533064414344e-6	0.00024851038275257466
14.45	0.7	7.025310758992643e-6	0.00024551751694562227
14.5	0.7	6.907928032126166e-6	0.00024257337107830298
14.55	0.7	6.793045538182913e-6	0.00023967701137436468
14.600000000000001	0.7	6.680603689503791e-6	0.00023682750405755538
14.649999999999999	0.7	6.570542898429713e-6	0.0002340239153516232
14.7	0.7	6.462803577301572e-6	0.00023126531148031574
14.75	0.7	6.3573261384602835e-6	0.00022855075866738111
14.8	0.7	6.254050994246754e-6	0.0002258793231365673
14.850000000000001	0.7	6.152918557001891e-6	0.00022325007111162224
14.899999999999999	0.7	6.053869239066609e-6	0.0002206620688162941
14.95	0.7	5.9568434527818e-6	0.00021811438247433047
15.	0.7	5.86178161048838e-6	0.00021560607830947947
15.05	0.7	5.768624124527255e-6	0.00021313622254548906
15.100000000000001	0.7	5.677311407239333e-6	0.00021070388140610722
15.149999999999999	0.7	5.587783870965526e-6	0.0002083081211150821
15.2	0.7	5.499981928046731e-6	0.00020594800789616122
15.25	0.7	5.41384599082386e-6	0.0002036226079730928
15.3	0.7	5.32931647163782e-6	0.00020133098756962476
15.350000000000001	0.7	5.24633378282952e-6	0.00019907221290950508
15.399999999999999	0.7	5.164838336739871e-6	0.0001968453502164819
15.45	0.7	5.08477054570977e-6	0.00019464946571430276
15.5	0.7	5.006070822080129e-6	0.00019248362562671587
15.55	0.7	4.928679578191856e-6	0.00019034689617746919
15.600000000000001	0.7	4.852537226385857e-6	0.0001882383435903106
15.650000000000002	0.7	4.777584179003042e-6	0.00018615703408898814
15.7	0.7	4.70376084838432e-6	0.00018410203389724987
15.75	0.7	4.631007646870591e-6	0.00018207240923884344
15.8	0.7	4.559264986802765e-6	0.00018006722633751702
15.850000000000001	0.7	4.48847328052175e-6	0.0001780855514170185
15.900000000000002	0.7	4.4185729403684534e-6	0.00017612645070109588
15.95	0.7	4.349504378683788e-6	0.00017418899041349723
16.	0.7	4.28120800780865e-6	0.00017227223677797026
6.05	0.8	0.002924616939808925	0.08326719931920189
6.1	0.8	0.0012504392874662354	0.025876546282876303
6.1499999999999995	0.8	0.000747593372677265	0.008756888265166856
6.2	0.8	0.0006394192318524413	0.006699792869557172
6.25	0.8	0.0005755635836125232	0.0059601991204424635
6.3	0.8	0.0005275894357649253	0.005539398288722067
6.35	0.8	0.00048712723912778513	0.005180327997020626
6.3999999999999995	0.8	0.0004522981997255331	0.004869318795254936
6.45	0.8	0.00042183477938464824	0.004595562476212962
6.5	0.8	0.00039486445260273587	0.004351627638756225
6.55	0.8	0.0003707521747349135	0.0041321107975219665
6.6	0.8	0.0003490232548669798	0.003932977074329761
6.65	0.8	0.0003293128694264778	0.0037511287773438146
6.7	0.8	0.00031133412570917514	0.003584132278834294
6.75	0.8	0.0002948550382979293	0.0034300215615871953
6.8	0.8	0.00027968960533342104	0.0032872215510203295
6.85	0.8	0.0002656837581111008	0.003154428357815697
6.9	0.8	0.00025270802359656213	0.0030305466995669355
6.95	0.8	0.00024064996645414103	0.00291462570020094
7.	0.8	0.00022941830371673083	0.002805893546576714
7.05	0.8	0.00021893379156756465	0.002703680169120211
7.1	0.8	0.00020912239602055314	0.00260735959101031
7.15	0.8	0.0001999276391880613	0.002516453993740435
7.2	0.8	0.00019129343658016824	0.0024304888356139623
7.25	0.8	0.0001831736155545817	0.002349073161676374
7.3	0.8	0.00017552618888576097	0.002271851215825138
7.35	0.8	0.00016831340716048156	0.002198502943746232
7.4	0.8	0.00016150231056034429	0.002128748547376625
7.45	0.8	0.00015506286301692182	0.002062332834642398
7.5	0.8	0.000148967246636427	0.0019990192298230667
7.55	0.8	0.0001431929807848108	0.0019386160004331823
7.6	0.8	0.00013771442080760563	0.0018809048389070572
7.65	0.8	0.00013251548722575523	0.0018257477282969511
7.7	0.8	0.0001275740733122918	0.0017729560666328993
7.75	0.8	0.00012287544372762302	0.0017224031075246855
7.8	0.8	0.00011840505402645519	0.0016739637059574354
7.85	0.8	0.00011414482715577166	0.0016274830702843618
7.9	0.8	0.00011008577623747473	0.0015828827000707914
7.95	0.8	0.00010621496165056212	0.001540050914602923
8.	0.8	0.00010251861092538576	0.0014988690369580869
8.05	0.8	0.00009898985360929254	0.0014592763694788148
8.1	0.8	0.00009561878483510113	0.0014211867194495599
8.15	0.8	0.00009239307821505507	0.001384493512235961
8.2	0.8	0.00008930816722817252	0.001349155487938633
8.25	0.8	0.0000863564923647991	0.0013151061946970895
8.3	0.8	0.00008352818781687713	0.0012822597047357296
8.35	0.8	0.00008081783025086808	0.0012505676054836254
8.4	0.8	0.00007822061951212557	0.0012199867469062083
8.45	0.8	0.00007573064438669167	0.0011904645964463337
8.5	0.8	0.00007333892240245115	0.001161922561902752
8.55	0.8	0.00007104357214057139	0.0011343423035544123
8.6	0.8	0.00006884015440149473	0.0011076837788952891
8.65	0.8	0.00006672408082148303	0.0010819056797603793
8.7	0.8	0.00006468799894271851	0.001056943087797833
8.75	0.8	0.00006273049488858392	0.0010327818105022135
8.8	0.8	0.000060848417392701827	0.0010093928150277467
8.85	0.8	0.000059038235103262955	0.0009867438219358132
8.9	0.8	0.00005729515926105047	0.0009647917157262673
8.95	0.8	0.000055615351495268474	0.000943501571138134
9.	0.8	0.000053997899393605264	0.0009228636781795442
9.05	0.8	0.00005244011150431944	0.0009028529954866317
9.1	0.8	0.0000509392963756696	0.0008834444816955305
9.15	0.8	0.00004949134261524939	0.0008646007218466131
9.2	0.8	0.000048093665239876716	0.0008462976023604953
9.25	0.8	0.00004674575192491742	0.0008285290711442019
9.3	0.8	0.00004544557421721753	0.0008112758643122596
9.35	0.8	0.00004419110366362311	0.0007945187179791954
9.4	0.8	0.00004298022166500798	0.000778237571459191
9.45	0.8	0.00004180827575987263	0.0007623899672542058
9.5	0.8	0.00004067638430637044	0.000746984456147271
9.55	0.8	0.00003958303767817724	0.0007320063601638155
9.6	0.8	0.00003852672624896886	0.0007174410013292688
9.65	0.8	0.000037505940392421005	0.0007032737016690583
9.7	0.8	0.000036519170482209554	0.0006894897832086137
9.75	0.8	0.00003556222849186934	0.0006760504869245893
9.8	0.8	0.00003463656795800397	0.0006629677761458917
9.85	0.8	0.000033741103896841875	0.0006502307907882886
9.9	0.8	0.00003287472880166903	0.0006378284682675294
9.95	0.8	0.000032036335165771516	0.0006257497459993652
10.	0.8	0.000031224815482435314	0.0006139835613995457
10.05	0.8	0.000030438362684771388	0.000602512430423588
10.1	0.8	0.00002967471753584862	0.0005913147184306097
10.15	0.8	0.00002893493364238954	0.0005803992003063696
10.2	0.8	0.00002821821149977691	0.0005697576407047691
10.25	0.8	0.000027523751603393385	0.0005593818042797084
10.3	0.8	0.000026850754448621698	0.0005492634556850888
10.35	0.8	0.000026198420530844582	0.0005393943595748114
10.4	0.8	0.000025565950345444697	0.0005297662806027767
10.45	0.8	0.000024950681512025277	0.000520353456413912
10.5	0.8	0.00002435318786209938	0.0005111605727999338
10.55	0.8	0.000023773497071844603	0.0005021871770083947
10.6	0.8	0.00002321104235835654	0.000493427223273196
10.65	0.8	0.000022665256938730723	0.00048487466582823846
10.7	0.8	0.000022135574030062755	0.0004765234589074236
10.75	0.8	0.00002162142684944817	0.0004683675567446521
10.8	0.8	0.000021122248613982562	0.0004604009135738253
10.850000000000001	0.8	0.00002063671552768045	0.0004526101504925067
10.9	0.8	0.00002016347837854056	0.00044498164239497256
10.95	0.8	0.000019703677450433947	0.00043752587975962964
11.	0.8	0.000019256919050529405	0.00043023849353262806
11.05	0.8	0.000018822809485995765	0.00042311511466011837
11.100000000000001	0.8	0.000018400955064001842	0.00041615137408825096
11.15	0.8	0.000017990962091716464	0.00040934290276317626
11.2	0.8	0.00001759243687630842	0.0004026853316310445
11.25	0.8	0.000017204985724946522	0.00039617429163800574
11.3	0.8	0.000016828214944799585	0.00038980541373021053
11.350000000000001	0.8	0.000016459951944642626	0.00038355649806820296
11.4	0.8	0.000016101249294602807	0.00037743767221290947
11.45	0.8	0.00001575222296665926	0.0003714496757350062
11.5	0.8	0.00001541260569316538	0.00036558940680330755
11.55	0.8	0.000015082130206474594	0.00035985376358662816
11.600000000000001	0.8	0.000014760529238940317	0.00035423964425378244
11.65	0.8	0.000014447535522915969	0.00034874394697358515
11.7	0.8	0.000014142881790754953	0.0003433635699148505
11.75	0.8	0.00001384630077481067	0.0003380954112463928
11.8	0.8	0.000013557525207436541	0.0003329363691370267
11.850000000000001	0.8	0.000013276183299396027	0.0003278822515688365
11.9	0.8	0.000013000217806093725	0.00032291128679643333
11.95	0.8	0.00001273130593481905	0.0003180406543560816
12.	0.8	0.000012469270857064474	0.0003132681957197862
12.05	0.8	0.000012213935744322487	0.0003085917523595526
12.100000000000001	0.8	0.00001196512376808557	0.00030400916574738576
12.15	0.8	0.000011722658099846211	0.00029951827735529116
12.2	0.8	0.000011486361911096884	0.0002951169286552737
12.25	0.8	0.000011256058373330064	0.00029080296111933847
12.3	0.8	0.000011031570658038237	0.00028657421621949066
12.350000000000001	0.8	0.000010812721936713887	0.00028242853542773545
12.4	0.8	0.0000105993353808495	0.00027836376021607814
12.45	0.8	0.000010391234161937552	0.00027437773205652376
12.5	0.8	0.000010186811765259484	0.00027045267822694663
12.55	0.8	9.986940501103372e-6	0.0002665978982778436
12.600000000000001	0.8	9.791899039585286e-6	0.00026281620836998725
12.65	0.8	9.601573731571998e-6	0.00025910613998344725
12.7	0.8	9.415850927930266e-6	0.00025546622459829296
12.75	0.8	9.234616979526849e-6	0.00025189499369459374
12.8	0.8	9.05775823722852e-6	0.00024839097875241925
12.850000000000001	0.8	8.88516105190204e-6	0.00024495271125183905
12.9	0.8	8.716711774414184e-6	0.0002415787226729227
12.95	0.8	8.552296755631711e-6	0.00023826754449573963
13.	0.8	8.391802346421378e-6	0.00023501770820035927
13.05	0.8	8.235114897649957e-6	0.00023182774526685118
13.100000000000001	0.8	8.082120760184213e-6	0.0002286961871752849
13.15	0.8	7.932706284890917e-6	0.00022562156540573006
13.2	0.8	7.785572228293655e-6	0.00022258875707656666
13.25	0.8	7.64133995809388e-6	0.00021960475877717112
13.3	0.8	7.5003895101526934e-6	0.00021667378770424283
13.350000000000001	0.8	7.362650183378417e-6	0.00021379486996579613
13.4	0.8	7.228051276679382e-6	0.00021096703166984535
13.45	0.8	7.096522088963908e-6	0.00020818929892440471
13.5	0.8	6.9679919191403144e-6	0.00020546069783748843
13.55	0.8	6.842390066116932e-6	0.00020278025451711087
13.600000000000001	0.8	6.719645828802085e-6	0.00020014699507128633
13.65	0.8	6.599688506104102e-6	0.00019755994560802923
13.7	0.8	6.482447396931304e-6	0.00019501813223535373
13.75	0.8	6.367851800192012e-6	0.00019252058106127403
13.8	0.8	6.2558310147945545e-6	0.00019006631819380455
13.850000000000001	0.8	6.146314339647256e-6	0.00018765436974095955
13.9	0.8	6.039231073658446e-6	0.00018528376181075343
13.95	0.8	5.934510515736445e-6	0.0001829535205112004
14.	0.8	5.831351846893473e-6	0.00018065373667368014
14.05	0.8	5.7296933646032505e-6	0.00017838354653180663
14.100000000000001	0.8	5.630203327373218e-6	0.00017615101967612636
14.149999999999999	0.8	5.532839343899638e-6	0.00017395552867347636
14.2	0.8	5.437559022878754e-6	0.0001717964460906932
14.25	0.8	5.3443199730068315e-6	0.000169673144494614
14.3	0.8	5.2530798029801255e-6	0.0001675849964520755
14.350000000000001	0.8	5.163796121494892e-6	0.00016553137452991472
14.399999999999999	0.8	5.076426537247396e-6	0.0001635116512949686
14.45	0.8	4.9909286589338804e-6	0.00016152519931407383
14.5	0.8	4.90726009525061e-6	0.00015957139115406734
14.55	0.8	4.82537845489384e-6	0.0001576495993817861
14.600000000000001	0.8	4.745241346559828e-6	0.00015575919656406691
14.649999999999999	0.8	4.6668063789448364e-6	0.00015389955526774686
14.7	0.8	4.59003116074511e-6	0.00015207004805966256
14.75	0.8	4.514873300656913e-6	0.00015027004750665102
14.8	0.8	4.441290407376501e-6	0.00014849892617554912
14.850000000000001	0.8	4.36924008960013e-6	0.00014675605663319374
14.899999999999999	0.8	4.298679956024064e-6	0.00014504081144642192
14.95	0.8	4.229567615344548e-6	0.00014335256318207025
15.	0.8	4.1618606762578444e-6	0.0001416906844069758
15.05	0.8	4.09551674746021e-6	0.00014005454768797543
15.100000000000001	0.8	4.030493437647903e-6	0.000138443525591906
15.149999999999999	0.8	3.966748355517182e-6	0.00013685699068560455
15.2	0.8	3.904239109764297e-6	0.0001352943155359077
15.25	0.8	3.842923309085509e-6	0.0001337548727096525
15.3	0.8	3.7827585621770738e-6	0.0001322380347736758
15.350000000000001	0.8	3.723702477735249e-6	0.00013074317429481448
15.399999999999999	0.8	3.665712664456296e-6	0.00012926966383990557
15.45	0.8	3.6087467310364627e-6	0.0001278168759757857
15.5	0.8	3.5527622861720102e-6	0.0001263841832692919
15.55	0.8	3.4977169385591953e-6	0.00012497095828726103
15.600000000000001	0.8	3.443568296894275e-6	0.00012357657359653
15.650000000000002	0.8	3.390273969873506e-6	0.00012220040176393567
15.7	0.8	3.337791566193149e-6	0.00012084181535631505
15.75	0.8	3.286078694549453e-6	0.00011950018694050481
15.8	0.8	3.2350929636386795e-6	0.00011817488908334195
15.850000000000001	0.8	3.1847919821570843e-6	0.00011686529435166335
15.900000000000002	0.8	3.1351333588009242e-6	0.00011557077531230589
15.95	0.8	3.0860747022664604e-6	0.00011429070453210656
16.	0.8	3.0375736212499423e-6	0.00011302445457790205