-1.21086441e-01 1.54501408e-01 3.66278104e-02 1.96675539e-01 -1.48063287e-01 5.94453439e-02 -3.85210067e-01 -2.78219968e-01 3.00108772e-02 -2.21372560e-01 3.23765539e-02 -1.61717564e-01 3.11181813e-01 1.49867699e-01 2.02942118e-01 -1.47023141e-01 -7.00675249e-02 3.92076731e-01 1.56678230e-01 -9.82517451e-02 2.92381257e-01 -1.25712529e-01 -2.39803970e-01 -2.77863324e-01 -1.91260010e-01 -5.88948578e-02 6.72600269e-02 1.30360469e-01 -2.15800405e-01 -1.81100696e-01 6.07716255e-02 -2.58193702e-01 
6.93401992e-02 -1.45435994e-02 2.83728004e-01 3.13827783e-01 1.85325786e-01 1.98012188e-01 1.46822184e-01 3.25606734e-01 -2.61454910e-01 4.79392819e-02 -1.00974217e-01 1.85813218e-01 -3.35861176e-01 -2.98659235e-01 -1.24765992e-01 -3.71706754e-01 1.41837761e-01 2.56954044e-01 -1.85604274e-01 1.50177345e-01 2.93038972e-03 -1.83424443e-01 -3.26514691e-02 -3.69831584e-02 -1.52284279e-01 1.61266029e-01 -7.49248117e-02 -1.63532153e-01 1.63040668e-01 1.57901838e-01 3.97306442e-01 -2.32834488e-01 
1.43291205e-01 2.58521307e-02 2.80514844e-02 3.03758264e-01 -3.70678753e-01 -1.72949657e-01 6.46662489e-02 -2.50680596e-02 -1.09378986e-01 -2.75444895e-01 6.96010962e-02 -3.30139250e-01 -3.86101216e-01 -1.81651920e-01 -1.16603032e-01 -4.28834781e-02 5.03777177e-04 2.49086961e-01 -2.70970225e-01 7.02284053e-02 3.15201491e-01 -2.78445482e-01 -5.03704906e-01 -3.00529320e-02 1.42524615e-01 -2.33697832e-01 -1.70821264e-01 -5.72719015e-02 1.99847132e-01 2.94799149e-01 -3.06736887e-01 -1.22372126e-02 
8.88544917e-02 -2.02975459e-02 1.76598385e-01 -1.87232718e-01 7.43103176e-02 1.34225234e-01 2.86941648e-01 7.31401518e-02 1.35849655e-01 -4.36069667e-01 -2.83498406e-01 1.72828197e-01 6.94895685e-02 2.94475585e-01 1.70026451e-01 -7.19115883e-02 -6.87873587e-02 -8.40660036e-02 -1.90698609e-01 -4.00837481e-01 -1.42214790e-01 1.72276020e-01 2.46147648e-01 3.06492835e-01 1.43875152e-01 1.04557633e-01 4.57707137e-01 7.24851862e-02 1.84743896e-01 3.64187062e-01 1.49991825e-01 2.32888669e-01 
7.59367645e-02 5.23881949e-02 -2.01315284e-01 3.12149018e-01 2.10939664e-02 -5.75097650e-02 -1.14872893e-02 4.48553979e-01 -1.89310998e-01 2.42231011e-01 -7.24455938e-02 1.88232467e-01 3.73349607e-01 -2.13004753e-01 2.42811829e-01 -1.16345033e-01 -1.39852077e-01 -7.21246302e-02 -7.68698826e-02 -1.57850266e-01 3.68242487e-02 -1.72062740e-01 -2.80160278e-01 -9.03978497e-02 2.36230940e-01 1.36559144e-01 -8.03796798e-02 -7.20058456e-02 -8.35592821e-02 -1.44015506e-01 4.39203382e-01 -1.41843501e-02 
-3.09025764e-01 -2.34317482e-02 2.02988982e-01 4.19301212e-01 -6.92939162e-02 3.77891213e-02 5.67579120e-02 1.34258747e-01 5.10926265e-03 -6.94935992e-02 -1.28744826e-01 1.54249430e-01 2.08326891e-01 -2.35361740e-01 2.22814471e-01 -3.17804843e-01 -1.12494431e-01 -3.09569873e-02 -4.14676249e-01 1.55232817e-01 -1.46243066e-01 3.02586854e-01 -3.84261571e-02 -2.36445427e-01 -1.02823459e-01 2.47314870e-02 -7.86871091e-02 -1.42996311e-01 -8.12001675e-02 1.93169698e-01 1.10714749e-01 -2.80792803e-01 
7.73586333e-02 -3.03776227e-02 -6.47314042e-02 2.66841084e-01 -1.67827666e-01 -1.07609451e-01 -2.32252732e-01 2.83547416e-02 -5.54636084e-02 1.53508171e-01 1.98605299e-01 1.00972570e-01 1.55585662e-01 1.03773355e-01 -4.95436192e-02 4.11041707e-01 -4.57998246e-01 -2.55616337e-01 -3.34098816e-01 1.61807809e-03 -2.99346685e-01 -5.62837459e-02 -2.44909957e-01 4.73002136e-01 -2.20729820e-02 3.51619832e-02 1.25933588e-01 -2.85650045e-01 -1.65554017e-01 -1.10271879e-01 9.43596512e-02 2.59263277e-01 
-2.52136201e-01 4.65197831e-01 2.44505882e-01 3.45840096e-01 2.04441205e-01 -1.50827333e-01 -1.40527084e-01 3.58206183e-01 8.39825049e-02 2.08965600e-01 -1.51588261e-01 -2.18117356e-01 -3.82032037e-01 -9.29367021e-02 -8.58281702e-02 1.01106502e-01 2.84273177e-01 -3.65391105e-01 -1.75642699e-01 5.07978909e-02 4.21111614e-01 -1.22459270e-01 -4.20669258e-01 1.69049531e-01 -2.18626991e-01 1.10499868e-02 -4.64140445e-01 -4.43875641e-01 -2.91635185e-01 -2.25809634e-01 -1.46787107e-01 3.75419855e-01 
2.77072489e-01 -2.93635726e-01 7.04060718e-02 1.48729071e-01 1.39614224e-01 5.61583713e-02 -1.53100476e-01 -1.97990730e-01 2.00086832e-01 2.85963982e-01 -1.79611985e-02 2.51438200e-01 3.06685895e-01 -6.40853122e-02 -2.61603951e-01 6.70547932e-02 -1.03220418e-01 -1.48845362e-02 1.42407157e-02 -4.21181709e-01 -7.84184560e-02 3.52399856e-01 -1.07788302e-01 -2.58833766e-01 8.59690383e-02 1.53341591e-01 2.57331859e-02 -1.13787562e-01 2.17356443e-01 -1.23664523e-02 2.69571394e-01 -3.85957919e-02 
-3.16423655e-01 2.06806526e-01 -1.37350380e-01 1.21602483e-01 -3.84506106e-01 1.50095284e-01 -3.32492888e-01 -1.15251904e-02 1.42357603e-01 5.63491695e-02 7.76869282e-02 -2.42636204e-01 1.71858653e-01 1.54704437e-01 -1.64115995e-01 4.06695068e-01 -2.79525742e-02 3.30091357e-01 -1.65154070e-01 1.71483979e-01 -9.15481821e-02 -1.91013470e-01 3.29647288e-02 4.33070242e-01 -1.35549277e-01 -3.31527591e-01 -1.18312120e-01 2.39545077e-01 3.28180283e-01 -1.61777020e-01 1.79396406e-01 -8.10428336e-03 
2.60099918e-01 1.09215334e-01 -5.92495967e-03 1.12044625e-01 4.01452854e-02 -1.67326689e-01 1.53312787e-01 5.80845354e-03 -3.53207961e-02 -1.18603140e-01 3.81405532e-01 -9.01211612e-03 2.50353307e-01 2.22101390e-01 1.76190317e-01 7.97534063e-02 -2.47035045e-02 2.63117671e-01 -1.34778351e-01 3.66955936e-01 1.41812891e-01 2.55251974e-02 7.72806332e-02 1.49026327e-02 6.46153465e-02 -7.78486133e-02 1.15611479e-01 -6.43703267e-02 -2.46977210e-01 3.25673610e-01 -2.47755140e-01 -2.82955706e-01 
3.75876985e-02 1.00452848e-01 4.46851522e-01 -1.34490237e-01 -1.28722250e-01 -2.09471866e-01 -8.54156688e-02 3.56384516e-01 -1.99749172e-01 -2.91044652e-01 -8.52138996e-02 3.74413252e-01 -2.36522660e-01 1.46647170e-01 -2.21180663e-01 1.55059397e-01 6.59351647e-02 3.14183950e-01 1.65827736e-01 2.17137426e-01 -1.72030404e-01 2.99743474e-01 8.12549889e-02 4.41299826e-02 -9.95579883e-02 2.71988273e-01 2.83752143e-01 1.56861529e-01 1.84806243e-01 -2.31619239e-01 -3.31573814e-01 6.06175186e-03 
-1.21215589e-01 7.56603256e-02 1.20052457e-01 -1.49699897e-01 -9.78833181e-04 -4.75067705e-01 -1.31021544e-01 6.63213432e-02 3.28006417e-01 -1.47520406e-02 -4.42949906e-02 -9.41672325e-02 3.66292261e-02 -1.36683732e-01 -4.51176539e-02 4.18721233e-03 3.05810813e-02 3.49847585e-01 -1.61741138e-03 1.39755651e-01 -2.30555376e-03 1.52520299e-01 -2.67993510e-02 -1.78804338e-01 1.04670048e-01 1.53148189e-01 4.54217285e-01 -2.46412575e-01 7.31478631e-03 -1.63769200e-01 2.34283090e-01 -3.02537084e-01 
-5.82878590e-02 1.73503071e-01 -2.75782675e-01 -1.42882839e-01 1.38379093e-02 -9.06255916e-02 -3.15724872e-02 -6.64735138e-02 -7.90248737e-02 -3.75198752e-01 4.88875136e-02 -1.38806298e-01 -1.25985397e-02 -9.00347717e-03 1.92675486e-01 -4.99450207e-01 -1.79754496e-01 3.40353340e-01 8.51074383e-02 2.79500395e-01 4.25111711e-01 -3.96967083e-01 1.24768496e-01 -1.82513997e-01 1.73491985e-02 -1.34972051e-01 1.73462719e-01 -4.60525572e-01 -2.30050981e-01 -2.44472966e-01 2.76655287e-01 1.52443185e-01 
7.86878169e-03 4.64301230e-03 4.63309914e-01 -2.37294614e-01 -9.62292328e-02 -2.68734157e-01 6.94334880e-02 -3.65239084e-01 -4.36424881e-01 -2.85470426e-01 -3.67512614e-01 4.12910640e-01 -9.86325834e-03 -3.42894830e-02 1.33365408e-01 2.32754305e-01 -3.46883200e-02 1.28862381e-01 -2.33709991e-01 2.78550595e-01 2.93775112e-03 2.85156101e-01 -2.77381927e-01 -3.43358470e-03 2.20229089e-01 2.29528710e-01 4.37373817e-02 -4.30971906e-02 1.06084757e-01 1.19231842e-01 -1.90217376e-01 3.93381923e-01 
-1.18725844e-01 1.85572639e-01 1.12466909e-01 5.58772907e-02 4.80519146e-01 2.09364053e-02 1.41782179e-01 2.76124716e-01 -4.41256076e-01 4.19597626e-01 -3.08235735e-01 -7.23654255e-02 2.40925431e-01 -3.50034833e-01 -4.50976610e-01 2.78619193e-02 1.73550379e-02 2.37602275e-02 -8.85218754e-02 -1.01900704e-01 -3.28564405e-01 3.54279876e-01 -5.79269938e-02 -1.01613961e-01 -4.90541011e-02 2.59510547e-01 1.42553076e-01 3.31886783e-02 -2.77576655e-01 2.36512274e-01 -1.86121851e-01 -2.40019619e-01 
